1	9.427059443147402E-5
1	0.0029386766093031703
1	1.3193737957370997E-4
1	2.120569829323E-5
1	3.2053621656402E-5
1	2.2008859344302E-5
1	5.622520246034E-5
1	2.4985927246231998E-5
1	0.0018761681858223422
4	0.006072442168227545
1	2.419499637184E-5
1	5.7191906987782013E-5
1	3.6167908050857003E-4
1	5.691280682187901E-5
1	3.0357075887780002E-5
1	4.6120286402622E-4
1	3.0116539333188E-5
1	2.1583399002481E-5
1	3.569542329506E-5
1	0.0044294619847226714
1	2.580642356692E-5
1	2.870866696094899E-5
1	3.8227339473285E-5
1	3.8769403647950006E-5
1	0.005608343597693049
1	7.31854920838E-5
1	0.0017331239112572398
1	5.9310727866851E-4
1	5.474081670095699E-5
1	2.3864553113E-5
1	2.801399288374E-5
1	2.0221097962596501E-4
1	3.3352299392128403E-4
1	8.395565268271001E-5
1	7.4156063881948E-5
1	2.582351916571E-5
1	2.3700392951928005E-4
1	1.42207884046674E-4
1	2.5256900033015998E-5
1	2.4118556535532E-5
3	5.062616923402541E-4
1	2.51665506324111E-4
1	1.8219443942522998E-4
1	3.947354581080401E-5
1	5.889408420713E-5
1	9.3772425430074E-5
1	4.672341804767341E-4
1	9.512020244178E-5
1	4.4289986961440006E-5
1	2.612172307762E-5
1	9.108467088165399E-5
1	2.21071807092013E-4
1	2.9949773309918E-5
1	0.009979910703806164
2	2.3140960750286598E-4
1	3.1870783283754E-5
1	8.6114576193079E-5
1	4.9295765220920003E-5
1	2.1502173200369996E-5
1	1.5597231047250997E-4
1	8.575241458534999E-5
1	1.7977554989251002E-5
1	0.0017139975288088802
2	0.004500910670617299
1	3.95373680158888E-4
1	3.677706272603E-5
1	3.8712232827640996E-4
1	9.257766747963E-5
1	0.00180233799621299
3	4.1609104427424003E-4
1	7.483763113275099E-4
1	1.8850410785439997E-5
1	8.716975505765501E-5
1	1.1140736208132899E-4
1	0.0012209499931747892
1	4.4204828506660005E-5
3	5.65288764532114E-4
1	2.9955197355459995E-5
1	9.456666900728001E-5
1	8.421847313315502E-4
1	1.6614010567007003E-4
1	0.00174036540951482
1	0.017208137879756065
1	3.9683918777459996E-5
1	0.0022467635345596094
1	2.6213805261954002E-5
1	3.0057615319268E-5
1	2.0211576747220996E-5
1	4.56926958565793E-4
2	0.0015877041354712658
1	9.693383041792379E-4
1	2.150415355031E-5
1	2.1748452360977E-4
1	2.062169772996E-5
1	2.255635389451E-5
1	2.6457722289080005E-4
1	0.00158434381455536
1	2.156380807214E-5
1	0.0038921114323120804
1	3.680440645780401E-5
1	1.2227151635811E-4
1	6.656614237860001E-5
2	2.3980315637873996E-5
1	2.057146978637E-5
1	2.4987057033948003E-4
2	1.3468128603488E-4
1	3.3939900930739E-4
1	6.882934237993701E-5
1	0.001206549624330797
1	7.237838359938699E-4
1	9.931071222746798E-4
1	3.7655937512506E-4
2	3.1458069053694E-5
1	0.004422065222372628
1	7.848254916047701E-4
1	3.428283376833E-5
1	0.006865701076598621
1	1.5912071833815999E-4
1	2.4417949673826995E-4
1	4.9914329125759995E-5
1	1.18477643950366E-4
1	3.965876243317E-5
1	7.006677844649401E-5
1	2.2177160581503997E-5
1	4.3651065788509995E-5
1	7.929748009871401E-5
1	1.997598132184E-5
1	0.005561337922020974
1	2.7659200699526004E-4
1	4.8977682237809997E-5
1	1.7433748996874E-5
1	9.98909620073989E-4
1	1.5870413088619404E-4
1	7.852156373588901E-5
1	7.3262202220253E-4
2	2.0637432038314E-5
1	1.4529880465927002E-4
1	3.2713301817724E-5
1	0.0011378530764161502
1	4.2022475276374E-5
1	1.1510406989556999E-4
1	1.6967331471393998E-4
1	8.181994989943001E-5
1	1.1974010649329E-4
1	2.7342753086289997E-5
1	7.094294051639E-5
1	4.9004043286064E-5
1	2.0686093889583996E-5
1	2.793706459108299E-4
1	1.742401448E-4
1	1.52200641437884E-4
1	2.512912472287E-4
1	1.0611644040722001E-4
1	5.118929685826301E-5
1	2.1752398930669997E-5
1	1.9209195657940003E-5
1	2.444807828398E-5
1	0.00210804747861797
1	4.6875503138180005E-5
1	1.9553115916544E-5
1	7.4206280241679E-5
1	2.6165463626934998E-5
1	2.6254499497022E-5
1	5.358414255854601E-5
1	4.882758259726101E-5
1	3.1869724359904004E-5
2	1.8950475179295E-5
1	4.4401394339424007E-5
1	2.244745279744E-5
1	5.7323671595761005E-5
1	4.3033540943608004E-4
1	4.9959099968864E-5
1	2.5777414657189997E-5
1	8.412617141034999E-5
1	0.002601591215617476
1	2.645928022887E-5
2	3.1331918830314E-5
1	1.8661471356439997E-5
1	4.5502578823494E-5
1	3.3365526254144E-5
1	8.32194921226402E-4
1	2.121082333337E-5
1	1.0018385783874999E-4
1	5.3248624269504995E-5
1	5.434121655774E-5
1	2.4539056691299E-4
1	0.0016255829843782401
1	2.2288362565074003E-5
1	2.2342199297619996E-5
1	2.435213353699E-5
1	7.7988018753757E-5
2	2.4502135948324E-5
1	0.0074098861415644
1	5.0730287206881E-4
1	3.0456651526579995E-5
1	5.0920355964104E-5
1	0.0013739657779405397
1	2.13197575041271E-4
1	1.9354693144233999E-4
682	5.0E-6
1	2.0575727920121E-5
1	7.080523297178001E-5
1	1.46588940987492E-4
1	2.5193031458784004E-5
1	1.875797089013E-5
1	3.7075835075269005E-5
1	2.075472509384E-5
1	9.377557617189003E-5
1	0.00373210537130287
2	8.837534882581999E-5
1	2.2171874840669998E-5
1	0.001186022414343072
1	4.8474975850393E-4
1	1.8841590130612003E-4
1	2.7460516359213997E-5
1	1.9930093287914002E-5
1	6.388479318418E-5
1	2.257092822251E-5
1	2.8274937824794E-5
1	2.2717677679259998E-5
1	7.85424444803143E-4
1	8.822156217115E-4
1	0.0020414381772463196
1	0.002292240534909686
1	1.31848472862241E-4
1	1.25031459600979E-4
1	3.9240562912317095E-4
1	4.904359342635E-5
1	8.5793695961874E-5
1	3.2415681543459995E-5
1	2.7762850112760005E-5
1	2.15720547852E-5
1	2.5157349966009998E-5
1	4.2798053210620994E-5
1	4.4671787089316006E-4
1	5.41803504814E-4
1	3.012893371698E-5
1	0.00106668384297397
1	3.9445780590512996E-5
1	5.044017715443E-5
1	2.0891952784860002E-5
1	2.0051071542693995E-5
1	2.9524768006173997E-5
12	1.59815038099104E-4
1	0.0014118074627193999
1	3.1788832789906E-4
1	3.542397238309601E-5
1	6.530979685803602E-4
1	2.3372915497576105E-4
1	7.080538161793E-5
1	0.011167924794677889
1	3.8903173163479395E-4
1	0.003585216258711361
1	2.343737828554E-5
1	3.2743530319713E-4
1	0.00129091296667092
1	2.7754071596350002E-5
1	4.3280925468102E-4
1	1.67533542998E-5
1	1.2606037137044999E-4
1	1.0678012051043998E-4
1	1.1457293133973001E-4
1	0.00111850218549693
1	2.6627816996525997E-4
1	2.6889042153061E-5
1	1.795857685934E-5
1	5.462031215245E-5
1	9.408862231813E-5
1	1.3896690371628003E-4
1	1.0498996268227998E-4
1	0.00404217168898472
1	3.0379929897424E-5
1	1.5252677268687002E-4
1	1.8251006403003997E-5
1	5.0861913004538E-4
1	5.496621448714401E-4
1	2.998973896979E-5
1	2.5510988541589994E-5
1	7.582643678192999E-5
1	1.3778492247099999E-5
1	2.5516118319683997E-5
1	1.95218251398E-5
1	1.2810323718427002E-4
2	1.26954545440662E-4
1	2.2758195187985998E-5
1	1.7999141814114002E-5
1	6.500150388297E-4
1	5.504970700677999E-5
1	4.858585407613E-4
1	7.587364958399401E-5
1	2.14542359222477E-4
1	1.5092154150122996E-4
1	4.8008320643479994E-5
1	0.001995008551602719
1	1.3158260275886E-4
1	2.3897281616414E-5
1	4.239881489598201E-4
1	4.7467533229936004E-4
1	4.2354623870972E-4
1	0.0010692370011997
1	8.167293301958E-5
1	2.2260285129051002E-5
1	5.7238900716631004E-5
1	0.00767958106817062
2	3.7251691886651E-5
1	2.183038176811E-5
1	3.171948508954E-5
1	2.5591317943489996E-5
1	1.53205479859441E-4
1	4.436629242461001E-5
1	0.001092120847153289
4	0.0012099977095608803
1	3.5546378986060004E-5
1	4.435507855889E-5
1	1.4520216369653399E-4
1	1.81376247040114E-4
1	0.01353924644114479
1	2.4623458407034003E-5
1	0.001692926018256518
1	2.077230040642E-5
1	9.467053979895101E-4
1	1.8952282154579998E-5
4	2.9113090643914E-5
2	4.7197443502961E-4
1	2.9349567883693998E-5
2	1.0423314016162999E-4
1	2.003235624964E-5
1	8.436364278101E-5
1	1.3875259609111E-4
1	1.2649727980548002E-4
1	1.24722663933734E-4
1	3.0318725518683004E-5
1	1.8444488864322E-4
1	5.0598568201320005E-5
1	7.011611867235602E-4
1	1.16725768006174E-4
1	2.9932924359723998E-5
1	3.9692481088057004E-5
1	2.558863626664099E-4
1	4.2145123324981E-5
1	3.667736668837E-5
1	2.211935506264E-5
2	2.888763157977E-5
1	4.8117321778847003E-5
1	2.0101708708328998E-5
2	8.239725868414002E-4
1	3.1806054498684E-5
1	0.0012010772665872699
1	6.077068745061211E-4
1	5.6866949452214E-4
1	3.5689084436694E-5
1	3.2628363544244E-5
3	0.001675199344538052
1	2.2807425259799997E-5
1	9.276802045898E-5
1	7.366558198056E-5
1	6.6645597257972E-4
1	2.39510479447E-5
1	2.0951038690360398E-4
1	5.4787954188035E-4
1	2.3961878853115E-5
1	3.475024467737401E-5
2	2.6524769915621998E-5
1	2.211475040942E-5
1	6.346939893878699E-5
1	0.00340817079618824
1	2.1192174582396E-5
1	2.7144954824259998E-5
1	1.7646308071160003E-5
1	7.750244514407398E-5
1	9.888999342595E-5
1	2.5582062102275E-4
1	1.7951434904154E-5
1	1.1923820796101001E-4
1	0.00202290494533667
1	4.100391421861E-5
1	0.006754803731489699
1	2.87766382873E-5
1	4.4979812575235E-5
1	0.0012669151350146097
1	1.8306764069072004E-4
1	2.5201820793929997E-5
1	2.078153419257E-5
1	4.0006191609984006E-5
1	3.717169466665E-5
12	0.0013334257155687228
1	3.3053843657854E-5
1	2.7718822169929995E-5
1	1.5416366873547002E-4
1	1.0813119537741001E-4
1	4.9798161175362E-5
1	0.00172225716175513
