3	0.0016265111032347122
4	0.0014226407300178927
1	9.352046602631079E-4
1	1.8277484202924995E-4
1	3.6293724612886003E-5
1	1.4760541429576795E-4
1	1.1099313100698601E-4
1	9.080620121805002E-5
1	1.71919215488724E-4
1	1.289596606005E-4
1	2.3330883762272E-5
1	2.5043705586318004E-5
1	3.4345111936607E-5
1	2.8545663970003997E-5
1	0.004671864861431491
1	6.796505619322999E-5
1	3.0311275219710003E-5
1	9.7278876890894E-4
1	0.00882817994221219
1	7.902578419120203E-5
1	0.010007833812547037
1	4.9814157647600006E-5
1	0.006930837842530536
1	2.7284108851016994E-5
1	1.3628920045821296E-4
2	0.005040869012116011
1	1.0941012587429502E-4
1	5.766484524461601E-5
1	3.980453709948999E-5
1	3.2752888681126E-5
1	3.8916499129792E-5
1	5.799013374553001E-5
1	8.0451653700117E-5
1	2.8057130437089206E-4
2	3.0705371021848E-5
1	2.2290948942934E-5
1	3.1008728161287E-5
1	7.664820638269501E-4
1	3.6952254879112995E-5
1	0.0018318223225049029
1	3.7807924581677996E-5
1	0.0018621533758812444
1	3.741980271657E-5
1	8.261980008867999E-5
1	3.7167567224074004E-5
1	2.37476201723E-5
1	0.0011390729602224923
1	8.311739881837881E-4
1	2.578023503919E-5
1	3.797143430462999E-5
1	3.1800409424399996E-5
1	1.4336050894833498E-4
1	2.813550029198791E-4
1	4.6817823885483995E-5
1	3.4409367788832005E-5
1	3.3901551557539997E-5
1	6.029746134624401E-5
1	2.8925252116586002E-5
1	1.1676040264750002E-4
1	7.45491857925923E-4
1	3.8002550199325E-5
1	2.0419191484210993E-5
1	2.8437055473049998E-5
1	1.9372873085796998E-4
1	1.34572108920016E-4
1	3.350656821387E-5
2	3.2290058041362993E-5
1	3.78273417801118E-4
1	3.697265812694001E-5
2	2.9553573780146E-5
1	4.7479968146581003E-4
1	6.536685863441401E-5
1	3.383312431782201E-5
1	5.0341981664118E-5
2	1.58799476221084E-4
1	2.6944441921097E-5
1	3.120147145013701E-5
1	5.1365775473355E-5
1	7.219188135343303E-5
1	2.5700957878114E-5
1	4.572950217844999E-5
1	2.4159049802312E-4
1	1.9980441994243E-4
1	2.789056889373001E-5
1	6.706732794271E-5
1	3.5451319432328E-5
1	2.9958191824187997E-5
1	2.7060397519059E-5
1	2.8714988802260005E-5
1	5.028107741498059E-4
1	2.3737160698270002E-5
1	2.5612639937250097E-4
1	0.0012043475239391802
1	3.46092255327E-5
1	2.2529298742718E-5
1	5.6949648261870006E-5
1	5.479695647969899E-4
1	2.2872996016489995E-5
1	3.280293416061E-5
1	2.489651396426E-5
1	5.064914733979599E-4
1	3.961740630806E-5
1	2.3555646087706E-5
1	2.0957755826509998E-5
2	1.3250264437385E-4
1	5.7912215986508E-4
1	2.742100248972E-5
1	2.3217134782464E-5
1	3.2916067796121E-5
1	3.5976418995100004E-5
1	3.775844943103501E-5
1	0.0018677138949562211
1	1.2537594352183501E-4
1	2.2522204344318E-5
1	6.4360229550973E-5
1	0.0012158180580186862
1	2.2207200227053998E-5
1	0.008579106626200232
1	7.703898894081202E-5
1	2.9442171760017003E-5
1	0.0019902423374327104
1	0.0024165669912803197
1	2.9612019033247E-5
1	0.01038959132222714
1	5.6073002038458E-5
1	1.3489205054594998E-4
1	4.821942707745399E-5
1	8.706095505517E-5
1	3.592023673898E-5
1	8.836635840455219E-4
1	0.00115168771523811
1	2.7046981427198E-5
1	5.0683550902569E-4
1	2.7820742676324E-5
1	1.3935739252149803E-4
1	4.789696464853999E-5
2	0.001725979689341733
1	2.77322885766454E-4
1	0.005809763020983221
1	0.00371880771733849
1	3.4833947334741004E-5
1	4.2823362090070393E-4
2	2.8696007887519E-5
1	1.0862297045618998E-4
1	2.7528938476192E-5
1	1.4484210964293994E-4
1	4.218533622255E-5
1	4.7378884786000006E-5
1	3.144957492006E-5
1	2.6938019515503E-4
1	2.8022322358469996E-5
1	4.766678842845999E-4
1	2.2703508524674002E-5
2	2.8405177528337998E-5
1	2.1910806174134E-5
1	3.0343121950699997E-5
1	9.6744336330109E-4
1	5.2908076585973E-4
1	8.166632885667621E-4
1	3.330701064492001E-5
1	2.9741757602944E-5
3	5.287040778454522E-4
1	0.001033144064019622
2	3.3627745009365995E-5
1	0.004541772056366062
1	0.01607513303337956
1	2.596724884473E-5
1	1.0967117411314902E-4
1	8.508444333114E-5
1	3.1728505753493E-5
1	2.2572221003230006E-5
1	3.0551033226179E-5
1	0.00733846980631939
2	1.0156847219408002E-4
1	2.994171684398E-5
1	4.958845764752901E-5
1	0.0011819252785753253
1	2.94052470493382E-4
1	2.3664231516378E-4
4	0.0072286724189591246
1	5.7313297228821E-4
1	6.131659738424E-5
1	0.001067432070886194
1	3.8099038923854E-5
1	2.9207806428545005E-5
1	3.9658145824777004E-4
1	2.5747818086027997E-5
1	5.002342421264501E-4
1	1.4359832415916996E-4
1	0.00196087981076257
1	7.187678892478E-5
1	2.3820318498170002E-5
1	2.896740151204E-5
2	1.0008080642195802E-4
1	2.707832954669E-5
1	1.1081810643728E-4
1	1.0240811802165198E-4
1	0.003993621170868883
3	3.5788540995833004E-4
1	7.4684017589045E-5
1	3.0951594798088E-5
1	2.5962877701061996E-5
1	2.25012949917174E-4
1	4.3882667392482E-5
1	6.350077527067001E-5
1	2.5847265441024E-5
2	2.67056684188568E-4
1	0.0024330261512392646
1	3.1142810693546996E-5
1	3.0859233235378E-5
1	2.9089809917878998E-5
1	7.1064399345904E-5
1	4.393192928678001E-5
1	9.206353038316399E-4
1	2.7416748009475005E-4
682	5.0E-6
1	2.7400011430444004E-4
1	2.6200557168072997E-5
1	1.3671253728891598E-4
1	9.925332967897E-5
1	0.00166901801230642
1	2.9146822843640005E-5
4	3.4021132405398E-5
1	2.7768920080806E-5
12	9.038336377577202E-5
1	7.529083636490002E-5
1	2.7632356359163995E-5
1	4.941125870801901E-5
1	8.051969657286931E-4
1	1.1491658899461E-4
1	6.133771340236E-5
1	2.3513581561848002E-5
1	3.449983385045E-5
1	5.8499006231219E-5
1	2.6063871602434E-5
12	0.0013821510556069996
1	1.429003421965E-4
1	2.8823305647470006E-5
1	0.0012549201292138305
1	5.5535250183186006E-5
1	2.6268564546394E-5
1	3.8312762428676007E-4
1	2.9998361183424003E-5
1	2.8310790603644002E-5
1	2.3981202990990004E-5
2	2.8591898552650005E-5
1	1.3068476188386703E-4
1	4.9820165260483996E-5
1	2.8770660404858997E-5
1	5.6397937096961E-5
1	0.00465693249128973
1	3.1216762035989995E-5
1	3.0284136019468004E-5
1	0.0010978307706079502
1	6.036882649934211E-4
1	0.006111759578620207
1	1.2395641813630002E-4
1	3.454326847357E-5
1	2.6089762040228E-5
1	5.646033680491221E-4
1	3.151505442568E-5
1	3.5582451330736E-5
1	3.7006451989639995E-5
2	2.2126174497834E-5
1	2.5684180986438E-5
1	6.41060134461E-4
1	2.8010880793259994E-5
1	9.3933277451959E-5
1	6.941292581208199E-5
1	3.4400765117382004E-5
1	5.5613793851654E-5
1	1.8958748923750002E-5
1	0.0022239185465254426
1	2.892620938786E-5
1	2.7010049200629997E-5
1	3.604736239653E-5
1	1.1209913153283802E-4
1	5.774721965523001E-5
1	2.8445682516929993E-5
1	4.5571826028240005E-5
1	4.8868681062646004E-5
1	5.591074520109499E-4
1	2.4493787763548997E-5
1	0.00984884441825687
1	1.0476937482079998E-4
1	1.0514448033271902E-4
1	0.007220471918692337
1	2.5622187313770004E-5
1	5.9486418025949996E-5
1	1.84374189002424E-4
1	2.49784590072914E-4
1	1.5796272346233E-4
1	7.158217947132499E-5
1	4.457932339977E-5
1	0.0019759393973640266
1	9.814025348695498E-5
1	0.001984330567759401
1	2.7301664932036E-5
1	1.3746903664481897E-4
1	3.6560480842940005E-5
1	2.7233906464340002E-5
1	0.0010253246563645601
1	1.317449974578E-4
1	4.3674479288219407E-4
1	2.6162216658972004E-5
1	8.620217473103E-5
1	5.2185007798727E-4
1	4.3423050773280004E-5
1	3.2277032889503996E-5
1	1.2150793852095201E-4
1	2.4837099058098E-4
1	7.610491816327001E-5
1	2.2104278115617996E-5
1	0.004007059022995706
1	3.7034538754624E-5
1	2.7116985854E-5
1	8.747573382185402E-5
1	3.9845535366520005E-5
1	1.61071475839802E-4
1	5.7928021731758996E-5
1	2.6930079303678002E-5
1	3.3527557904984004E-4
1	1.0059479680570301E-4
1	0.0014514138750759398
1	1.4839412945009E-4
1	2.4732853860078E-5
1	2.382992126387E-5
1	6.027742792579201E-5
1	4.400613679105801E-5
1	1.5765498220851395E-4
1	3.260127731929199E-5
1	3.669438112407E-5
1	2.999724474635E-5
2	3.8646263155709E-4
2	2.3281865994478E-5
1	6.566309386748E-5
1	4.6927577682901594E-4
1	2.293592550699E-5
1	3.4668329832178E-5
1	0.0027107583856228103
1	5.889973748273201E-4
1	0.0011636403335017129
1	3.8106076460474004E-5
1	1.4111992060595E-4
1	8.9010129502749E-5
1	8.7412748764459E-5
1	2.9236473167330003E-5
1	3.771873270591701E-5
2	1.5426874471217796E-4
1	4.306351551732801E-5
1	2.3361491802094E-5
1	1.4297834186962003E-4
1	5.6868766634428E-5
1	4.1816014761979003E-4
1	7.8734584838752E-5
1	0.0013139632530632678
1	2.5072960331694994E-5
1	3.0309703755256003E-5
1	8.5973094539906E-5
1	2.5638348350066E-5
1	5.147697729330701E-4
1	2.7923969517861E-5
1	2.4112536690250003E-5
1	8.8533122329798E-5
1	3.570953724555E-5
1	1.08292846055034E-4
1	3.0477258829274E-5
1	4.5195962804658E-5
3	6.114165936081339E-4
1	5.5268354256090005E-5
1	6.405347736660102E-4
1	3.7079675557001997E-4
1	3.7127672757350004E-5
1	1.17249622688538E-4
1	4.0624522314556E-4
1	7.684971992652181E-4
1	9.829438629583999E-5
1	5.2575372003121E-5
1	3.612873885604E-5
1	7.372570479101991E-4
1	6.7197455600774E-5
1	2.914562576965E-4
1	3.5304016155188006E-5
1	6.914568998459601E-4
1	2.9292836088675998E-5
1	4.508982384447001E-5
1	5.5751939934433E-4
1	1.1744660556349998E-4
1	7.988955550446E-5
1	8.317088675683E-5
1	0.00191304140101834
1	1.4676450159832003E-4
