1	2.00701272093651E-4
1	7.7190741937764E-4
1	1.39319473334347E-4
1	5.711500396163299E-4
1	1.4908242453039002E-4
1	1.1884558203710999E-4
1	0.007780209829841262
1	8.448499353551998E-5
1	7.784054299594202E-5
1	0.005640350971110239
1	0.00282964200059465
1	0.0030445898561316702
1	7.271938035831701E-4
1	2.8993751617636E-4
1	2.4190383161379998E-4
1	7.1515404997549E-4
1	7.4861377908581E-4
1	1.5279312788456397E-4
1	1.5760491938731998E-4
1	1.2690906500940398E-4
1	2.2941478890989E-4
1	1.6078269168267397E-4
1	1.8498888419495903E-4
1	3.3682038664695E-4
1	9.770047325318E-5
1	2.8449778253860004E-4
1	1.7618467588982004E-4
1	1.60773878834131E-4
1	8.705953537265502E-4
1	1.0298243407522002E-4
1	5.7537141601615E-4
1	0.0032994258802893695
2	0.001114332144341924
1	0.002421271184087871
1	3.4272022036225E-4
1	9.90257799219224E-4
1	1.1453510068931999E-4
1	0.0015172094892183202
1	1.83547015484403E-4
1	2.7746476562966996E-4
2	5.6821127241565E-4
2	0.002810591276309
1	0.012672267397758692
1	1.0390554688535E-4
1	0.0011733057992842797
1	7.673662180521999E-5
1	1.8646911619887998E-4
1	0.0015988543086656404
1	1.454174772264E-4
1	8.294946267992E-5
1	7.062301524473E-5
1	3.1456204032601006E-4
1	1.8547199099760005E-4
1	5.58950400303594E-4
1	7.782603595392401E-5
1	3.7519008439241E-4
1	1.1582370417818002E-4
1	1.4905216897850002E-4
1	1.779969321837E-4
1	3.31500918937458E-4
1	2.455329597461601E-4
1	5.4557293664340003E-5
1	0.0012658986086107004
1	2.8399352161752003E-4
1	3.0134314234296015E-4
1	8.142012143915E-5
1	0.005507840773095021
1	1.1343075416347999E-4
1	7.150162059785001E-4
1	1.5123289531061E-4
1	0.015017940507951199
1	2.2038281394568004E-4
1	7.743193423468E-5
1	8.680973801259001E-5
1	1.5125152550469E-4
1	1.20386998144062E-4
1	8.272697104262201E-5
1	6.56399540096E-5
1	5.0241486235032004E-5
1	3.5650646993858005E-4
1	7.707757890241997E-5
1	9.308802691292699E-5
1	0.00333980939445065
1	1.0421815607155998E-4
1	1.2642274107384398E-4
1	1.2346447209952E-4
1	1.1785093385477001E-4
1	1.5403853485291E-4
1	7.686490957335002E-5
1	1.6227379089654001E-4
1	0.00164321561643184
1	0.0023226213710768307
1	1.9074627014216002E-4
1	1.6320542764015395E-4
1	2.6976392247022007E-4
1	2.987673153498099E-4
2	7.761239422797999E-5
1	0.008291936751967191
1	1.8023526206309396E-4
1	1.1642941991675201E-4
1	2.3675989583015999E-4
1	6.3395373196857E-5
1	7.329253416266001E-4
1	8.675074553661998E-5
1	1.0508472871272001E-4
1	6.2891072868439E-5
1	7.264897963858E-5
1	6.0178227801972E-4
1	6.666063659323702E-4
1	7.807973972942E-5
1	9.35250856524E-5
1	0.0085948003022894
1	0.004072671860106261
2	6.6702016416754E-4
1	8.603394807021199E-5
1	8.334686446124201E-5
1	1.1722787363932E-4
1	1.2922636905048998E-4
1	1.6369717820699102E-4
1	5.326182952283731E-4
1	1.4726182946542003E-4
1	0.002898962141917529
1	3.412731219546E-4
1	0.00285947523651828
2	0.0013849156853613799
1	6.031212886845999E-5
1	1.5836635038739703E-4
1	2.1637611598115998E-4
1	2.1026372017118002E-4
1	6.815043233442399E-4
1	3.95344105935575E-4
1	1.1766253002267001E-4
1	9.096693067195E-5
1	0.0014139003316827696
1	4.7042165283561397E-4
1	0.001255146511358286
1	1.4387501770130005E-4
1	7.614797425866E-5
1	7.063353107228998E-5
1	1.1598210550030001E-4
1	0.0011763037815136306
1	0.014510887792826702
1	2.3591411164991E-4
1	2.0152303994166003E-4
1	9.380067639384999E-5
1	1.0065300911301999E-4
1	5.8581361400583986E-5
1	4.4881121748625E-4
1	2.1896072220278E-4
2	7.844147928016199E-5
1	0.0026950072866690398
1	8.1466988391636E-5
1	7.272574347934301E-5
1	0.0013381513040555799
1	0.0013858722490686598
1	4.2567250011662995E-4
1	1.887879460664E-4
1	2.1992180896463805E-4
1	2.2507575790577398E-4
1	1.2640699773984397E-4
1	1.4677771261662997E-4
1	8.140597686174301E-5
1	1.2105899580214E-4
3	1.71589212783996E-4
1	1.1024094359156E-4
1	6.9189941126694E-4
1	8.415225550456198E-5
1	1.9964342925868E-4
1	2.2928092330657895E-4
1	1.312587072644E-4
1	1.0283261356445702E-4
1	0.0023901234101762
1	0.0038567727920119
1	1.0652370166537998E-4
1	1.1722111252241E-4
1	6.779117542223909E-4
2	0.0035281133049730505
1	9.642571066641001E-5
1	1.009203763463E-4
1	2.8828486691798E-4
1	0.0015533539925194823
2	2.17926668632072E-4
1	0.0014081257284480298
1	1.0217382292651998E-4
1	6.50844554142674E-4
4	0.009235757690898481
1	1.3616141006526003E-4
1	7.587405973605399E-4
1	1.0754118932164001E-4
12	0.004620513795533959
1	9.241023482613103E-4
1	7.975161489179001E-4
1	1.62073354446012E-4
1	0.00532213391246825
1	3.5087364977560114E-4
1	5.803029560113898E-4
1	1.0506821345268999E-4
1	0.0013811815965941597
1	7.464782558467E-5
1	0.0025135963900268106
1	1.6457935777721997E-4
1	9.126007062227E-5
1	7.819197528558199E-5
1	1.4686304270488998E-4
1	0.002653854985290851
1	2.2703863665702004E-4
1	0.0028588848204771596
1	0.0010545000086897198
1	7.777998512168998E-5
1	1.5769841286334397E-4
1	0.00120932521508018
1	0.00104255428727216
1	3.9878850603139996E-4
1	3.60205282697381E-4
1	9.480763302348E-5
1	0.012145047837252749
1	5.4672122652687E-4
1	1.9579205120264E-4
1	0.0010728326705059842
1	9.358195482058701E-4
1	3.92864609268262E-4
1	8.730691264359358E-4
1	1.1778368663952002E-4
1	1.0284720275660201E-4
1	1.4513234341408002E-4
1	1.4889495212128896E-4
1	2.2930540538183003E-4
1	5.897158309788E-5
1	4.480193600084E-4
1	0.005665346625026
2	9.4195657394212E-5
1	3.4968545833940996E-4
1	1.0638978425311999E-4
2	5.70168804811679E-4
1	1.05015729967078E-4
1	1.0162112401948001E-4
1	1.02388779224332E-4
1	6.190689569481E-5
1	7.655763275919799E-4
1	4.2450978619007E-4
1	1.6288843250736998E-4
1	9.554604599122E-5
1	2.05911959717039E-4
1	1.9231262627443198E-4
1	8.185479948075999E-4
1	9.527926643040001E-5
1	2.1431156603852003E-4
1	6.904882555727401E-5
1	1.398480436955E-4
1	2.985486494908E-4
1	3.778445602373E-4
1	1.3507004788477E-4
1	2.1468646880623993E-4
1	7.255602557551301E-5
2	3.630602864075701E-4
1	7.9404941983343E-4
1	8.353224897958001E-5
1	7.951497966576E-5
1	2.035974688018E-4
1	1.52436760605387E-4
1	3.8721644309301E-4
3	2.856141129275401E-4
1	4.274881781027798E-4
1	1.3541018630156001E-4
1	2.2617286157532195E-4
1	2.2625750717051004E-4
1	7.1851854733142E-4
1	1.6695073794968396E-4
1	0.001630954052782982
1	1.192462307602E-4
566	5.0E-6
1	7.46713807628124E-4
1	3.5299848812066003E-4
3	5.4481672813939E-4
2	2.1004684371244098E-4
1	6.162375170062E-4
1	6.771875542325899E-4
2	1.5417167919142002E-4
1	9.072429764508E-5
1	7.105323623838398E-5
1	1.5796021653624397E-4
1	3.363743312356001E-4
1	9.965681582318E-5
1	1.3999291679479E-4
1	0.005281133015122379
1	1.5378578728208003E-4
1	3.17713234784223E-4
1	1.8039853282128998E-4
1	6.5563526614242E-5
1	5.14582465450452E-4
1	7.771291920243E-5
1	1.9597840351772897E-4
1	0.00165437930347565
1	0.0017282669592894003
1	2.4254052029802997E-4
1	9.925372432514003E-5
1	5.091469932061E-4
2	3.4108033163840007E-4
1	0.0014656460609449602
1	7.514579319637001E-5
1	1.4950215315294002E-4
1	6.959411875897E-5
1	1.0557416950036E-4
1	1.4867245005667002E-4
1	1.0247541882952E-4
1	7.5284193248762E-5
1	7.710962348485001E-5
1	2.7179635516320997E-4
1	3.359201393878E-4
2	1.90439087368731E-4
1	1.7625568556766004E-4
2	9.4999421997232E-4
1	1.9447168429027103E-4
1	0.00110886521304137
1	2.9280760812460695E-4
1	7.4762168087973E-5
1	8.388635881060199E-5
1	7.117346757223999E-5
1	1.53746630201404E-4
1	2.0130188908482004E-4
1	0.00100241554986321
3	0.0010686121020432005
1	2.8138022519874E-4
1	2.0728397407184402E-4
1	0.0026352363762181196
1	0.008164256767982197
1	0.007760035436860456
1	5.2900069216798E-4
1	1.3581621872649002E-4
1	1.7677145854302E-4
1	7.459042863925701E-5
1	2.6433333169423E-4
1	5.768339789687999E-4
1	3.6393807882912005E-4
1	0.00603450985941331
1	1.0905467232070001E-4
1	9.970817118916999E-5
1	1.60853770546493E-4
1	0.0011796585413885602
1	2.8597299980282E-4
2	1.1796801418392E-4
1	1.6899791827092E-4
1	1.1764900544508997E-4
1	4.3280898855192003E-4
1	4.3536363392878E-4
1	0.006750388522197023
2	0.009216220663261832
1	7.186552312652299E-5
2	9.664085996815999E-5
1	2.3141108693516002E-4
1	1.0599494925219001E-4
1	6.823742597413E-5
1	0.0031675432222473105
1	1.1925777249997999E-4
1	1.0990102018933002E-4
2	4.7739325996868997E-4
4	0.007533908558378609
1	1.4805759568083E-4
1	9.929249312927999E-5
1	1.25056414004574E-4
2	8.065658582953199E-5
1	7.684146280282E-5
1	0.005687356924706991
1	0.010227789294615179
1	7.492719819307999E-5
1	7.678024641231997E-5
1	4.2013097513216897E-4
1	0.0038440120424907305
1	7.697146893323798E-4
1	6.149645512041001E-5
1	1.61878782928271E-4
1	1.6080876096292396E-4
1	2.3764502448379003E-4
1	0.0011050076747521342
1	5.721578866096031E-4
1	1.0563680259630999E-4
1	7.957664330096E-5
1	1.8477666120743E-4
1	2.4672553471254E-4
1	1.1311587769143901E-4
1	8.207261767051999E-5
1	9.75398930867492E-4
1	1.59968989237973E-4
2	8.663853213386599E-4
1	6.3383385437912E-5
1	0.0015242325930788499
1	1.0594658892276999E-4
1	9.547757093865E-5
1	1.4014043552975996E-4
1	0.004261330903851551
1	6.64634231198783E-4
1	7.075147564209301E-5
1	2.79020897279854E-4
1	0.0022303397850560697
1	0.0015028662593025602
1	2.592763806162199E-4
1	7.559919569355001E-5
1	8.524024162913198E-5
1	2.6899867979786096E-4
1	2.3260163014799997E-4
1	7.662452824514499E-5
1	3.3397454233812006E-4
1	7.736091147272E-5
1	2.9347079955085103E-4
1	2.8149771939249004E-4
1	7.524037272259998E-5
2	1.1901251244298001E-4
1	6.8641610903542E-5
1	4.919697308963001E-4
2	8.758279921992E-5
1	2.8919712599488E-4
1	1.1446319556037903E-4
1	8.523563663906E-5
1	0.0024282793015307402
2	0.001029594330326802
1	9.321612603548E-5
1	2.367683096771E-4
1	7.5711235565042E-5
1	1.1989693554461001E-4
1	8.811576020781E-5
1	0.0019562978240879204
1	0.00335527251695853
1	0.00156566301038594
1	6.5308720266784E-4
1	0.0018035928348072
1	1.0658607166777097E-4
4	4.0485066880075E-4
1	1.0986249164888999E-4
1	0.0015951588998343918
1	7.969275244152E-4
1	0.004136146109332931
1	0.00278973901702078
1	0.00243158856090159
1	7.515339713322E-5
1	7.450763346689E-5
1	1.6881108380304398E-4
1	1.9808742818357E-4
1	7.5637621085102E-5
1	1.1606151962167999E-4
1	8.744238208127799E-5
1	1.1458337612662E-4
1	1.3088961347813098E-4
1	3.1639428048029996E-4
1	8.132319402800598E-4
1	2.1023016132463E-4
1	2.0483645283741E-4
1	0.0052382683634750165
1	7.684136150627601E-5
1	3.3734573799694997E-4
1	8.752342164387E-5
1	9.634608599358002E-5
1	5.6308357516085005E-5
1	2.610452567467601E-4
1	2.4691338689928E-4
1	2.8914137145287E-4
1	2.45267529948438E-4
1	1.2751511240173495E-4
1	0.004033138738771462
1	1.4197344322935E-4
1	1.00764905158731E-4
1	3.1940313509928E-4
1	8.5296427622751E-4
1	8.0864845143636E-5
1	1.2226164226263002E-4
1	1.2056973537805902E-4
1	2.981143579687E-4
1	7.837196676502E-5
1	4.126690936218001E-4
1	2.1907541332705102E-4
1	1.0301231845713E-4
1	2.3876729045238396E-4
1	0.005397530121928362
1	2.2673332371173E-4
1	0.00376720583799937
1	8.1077972008316E-5
1	0.004679448678158149
1	3.9562466763139994E-4
1	1.6035160897577298E-4
1	9.475994774453196E-5
1	5.763422444484521E-4
1	8.410857207472001E-5
1	2.7949541257068995E-4
1	3.4000661403726E-4
1	4.6471955189172003E-4
1	1.4110779299620997E-4
1	2.1737780641042695E-4
1	2.0438640708878998E-4
1	4.185549049415739E-4
1	1.0164222604043099E-4
1	1.3437069593244002E-4
1	9.1572212263924E-4
1	1.5931934684022E-4
3	6.420293100871401E-4
1	1.7105429017104395E-4
1	2.65819287807531E-4
1	0.00513410396006543
1	2.6879721635996004E-4
1	8.583603683813001E-5
1	3.0447291364503004E-4
1	1.7758375960517998E-4
1	1.2556785082647997E-4
1	2.1693791159179996E-4
1	9.442795601916997E-5
1	0.0014012125686450499
1	8.731879763827002E-5
1	8.596804676521E-5
1	6.030323366121001E-5
1	3.8953130004743E-4
1	6.8638592522372E-5
