1	0.0029730397294293804
1	8.800893138657132E-4
1	2.7730940594000006E-5
1	0.00111557906871154
1	3.843815405692E-5
1	1.1898620124619002E-4
1	2.9106457303760003E-5
1	0.0020103366498489495
1	9.8362870490606E-4
1	5.077918569233E-5
1	5.490297451553E-5
1	2.972215811691E-4
1	2.6087383316114004E-5
1	3.805776226959E-5
1	7.896304821243999E-5
1	4.426324935163E-5
1	0.00216370411451991
1	7.592611469976499E-5
1	8.9161493064078E-4
1	9.092844799392998E-5
1	3.34422667582E-5
1	2.870505527907E-5
1	2.1095337457638E-4
1	3.6235955901139005E-4
1	1.0429946435864E-4
1	3.4424562216497005E-5
1	4.5506725675197E-5
1	7.956953394126E-5
1	3.4373621056256004E-4
1	6.334896259955999E-5
1	1.77190338109985E-4
1	0.00482048915054683
1	6.2695081567398E-5
1	3.168091932216E-5
1	1.3223861682912003E-4
1	3.3927899549563E-4
702	5.0E-6
3	2.9972596803501004E-4
1	1.7997756362473993E-4
1	0.00115913511750632
1	2.2858698471466002E-4
1	1.79300507654894E-4
1	9.541013921150003E-5
1	2.1098446393441999E-4
1	3.6938842896422E-4
1	3.064002766813E-5
1	0.00122073534984961
1	0.00137262270687944
1	7.172547471892001E-5
1	2.9725790827302E-4
1	3.754020229831E-5
1	3.2060513318332E-5
1	1.232469208673E-4
1	1.1540561326742999E-4
1	0.0010424810572152597
1	3.526985941261E-5
1	3.4205741560725005E-4
1	6.654936023546998E-5
1	2.1354581374846002E-4
1	0.0010732593883387798
1	0.0014906930464554003
1	1.1257929398464E-4
1	0.00159920585574098
1	1.0049272514216E-4
1	5.540844872643999E-5
1	3.5671122574439996E-5
1	5.426457101235E-5
1	2.9384271785569E-4
1	0.0038465016947600997
1	1.3174318275698E-4
1	2.3115474672757996E-4
1	7.5844512967321E-5
1	6.1644451686797E-4
1	6.687280601123E-5
1	4.5559429732480004E-5
1	4.1775416324730006E-4
1	0.00217997276053441
3	5.504347410507501E-4
1	0.0010419962698767398
1	3.9879472424640005E-5
1	2.708017162642101E-4
1	5.2108791407090005E-5
1	7.544649195445301E-4
1	5.914221091372E-5
1	2.0008961083128E-4
1	2.1251948949200502E-4
1	0.0018553172076696898
1	3.4165425728389996E-5
2	5.2792799345880006E-5
1	9.1011573241077E-5
1	2.987760712417E-5
3	0.00243360173306582
2	3.4546752671797E-5
1	0.0013732275362229498
1	1.8064768150186002E-4
1	7.183627321692999E-5
1	3.1884597137236004E-4
1	9.020596929393E-5
1	0.00102122984424712
1	6.70965004463E-5
1	2.3174693527920997E-4
1	1.1577663367200999E-4
1	1.6871171501328997E-4
1	2.0969077253771997E-4
1	3.012895421890201E-4
1	6.329196539409E-5
1	4.043194034570299E-4
2	0.0033939149556697803
1	7.461218831156E-5
1	9.5534499941908E-4
1	8.543830121493E-5
1	2.1413965349988E-4
1	1.5611685742091E-4
1	6.001340447945001E-5
1	1.2890248958143997E-4
1	0.00441998621644594
2	3.1350131450518E-5
1	3.9059517565937E-5
1	5.6220998151770005E-5
1	1.1821926723819E-4
4	0.00149300774087945
1	6.396502897963E-5
1	8.422486228335997E-5
1	0.0011774375467665298
1	3.0708000550519E-4
1	7.933020287948E-5
1	4.308478381515E-5
1	2.7743607912475996E-4
1	4.000667350542E-5
2	2.2256276742071E-4
1	6.175491148449E-5
1	2.6635675038079004E-4
1	1.52209245181828E-4
1	1.1435650738630002E-4
1	2.22597244259344E-4
1	3.757130676683E-5
1	3.0854256171882E-5
1	1.3061058356132998E-4
1	1.5327695083265002E-4
1	4.921517392128001E-5
1	3.4096907390019995E-5
1	0.0012524192632714917
1	2.2501203745004002E-4
1	4.804556082044E-5
1	5.313583112157E-5
1	1.3800615000829995E-4
1	2.793336161939719E-4
1	1.0761375302915E-4
1	3.296825090213E-5
1	2.6599469458152E-4
1	3.432247946208999E-4
1	3.5511657645347E-5
2	5.221990383534E-5
1	9.575021296742001E-5
1	3.4022198377079995E-5
1	0.0033036892663224396
1	1.1117907915575E-4
1	3.35344432121821E-4
1	1.2748217213492E-4
1	1.5670358694837996E-4
1	0.00371454087952699
1	0.0038967165171965535
1	5.296712093847E-5
1	3.2591299066503994E-4
1	5.404822253622E-5
1	7.101732917483999E-5
1	5.1827779069160004E-5
1	3.9533050837333995E-4
1	7.194863715627E-5
2	0.00241593477379123
1	3.710214723707E-5
1	1.2830473014486E-4
1	1.2848698987869E-4
1	0.003285914882122978
1	0.0031713888304804104
1	3.9192116968705006E-5
1	2.7807530964362003E-5
2	6.219114689699E-5
1	0.0012972235913595602
1	5.413411249478999E-5
1	1.4051894021505998E-4
1	4.2541538793030006E-5
1	0.00250020663628605
1	5.354169548034799E-4
1	4.5598971820534E-5
1	1.5158876356362002E-4
2	6.97260494245701E-4
1	5.565643551793299E-4
1	4.164790918361599E-4
1	9.6060955454347E-5
1	0.0015914705818797696
1	3.0451502501427E-5
1	1.9475216552545E-4
1	0.01709360224250755
1	0.001005366725097
1	1.3647701814759E-4
1	0.0025928264390394393
1	2.9622250795460004E-5
1	2.991208837140001E-5
1	2.9662327329490996E-4
1	3.76621846626583E-4
1	1.8296814840508E-4
1	0.0012523272150394102
1	4.7382509024839994E-5
1	8.136326159621E-5
1	5.610873328344999E-5
1	0.00124782366648363
1	0.00107201421559456
1	2.7810203822389E-4
1	4.176915282303001E-5
1	6.420909168956E-5
2	2.529028484146E-4
2	1.2727258897767E-4
1	3.7995994128529996E-5
1	3.684429147703E-5
1	3.433269836219E-5
1	9.874540876640102E-5
1	1.2920859918338E-4
1	3.7421063607519994E-5
1	0.00194307076461016
1	3.6647677214785E-4
1	4.332120363285E-5
12	0.0013335806247460895
1	4.750447245180999E-5
1	4.3003235261366E-4
1	0.0014776370984265603
1	3.7387151168789996E-5
1	6.369492942871999E-5
1	5.1537507638060004E-5
1	5.259535753643E-5
1	5.3600539821630005E-5
1	7.9425901224554E-5
1	4.232010351606E-5
2	1.6228852881588002E-4
1	7.894507690578999E-5
1	3.416374867179E-5
1	2.6708266156069998E-5
1	7.404262182448999E-5
1	0.00239389704328379
1	5.319176285749001E-5
1	0.0019395167070708201
1	3.735055536549E-5
1	1.5203525877203E-4
1	4.138132541111E-5
1	7.1729729672159E-4
1	8.20063357065E-5
1	0.0016727246826556401
4	1.0955521432880998E-4
1	0.006417395940709099
1	1.4259109872417997E-4
1	1.0467127711845001E-4
1	3.3487042866505004E-4
1	3.619534466224E-5
1	0.00418189971550164
1	5.0486161574460006E-5
1	5.121441161042201E-4
1	1.1035630537168001E-4
1	1.0319017417726998E-4
1	2.3304577108209003E-4
1	7.262448070740998E-5
1	3.522064870484E-5
1	1.2197116499543E-4
1	1.3747059870438001E-4
1	0.001633197771348
1	9.907876408499999E-5
1	2.0589664544205E-4
1	2.3313148213692002E-4
1	2.6373999978733303E-4
1	2.0564608802438E-4
1	0.00115101545573066
1	0.00107895744757377
1	2.0268055437631E-4
1	0.016794675361260416
1	3.7545292160419996E-5
1	4.382895610318E-5
1	6.117817556633E-5
1	6.741806917986E-5
1	7.627957668206998E-5
12	2.1948764814063E-4
1	0.0026636343219045905
1	7.776334807777399E-4
1	4.744517152883E-5
1	7.691131966865E-5
1	7.478889598016601E-4
1	3.110972955175E-5
1	2.9816137157358003E-4
1	5.352135258973E-5
1	2.5875181335550002E-5
1	0.0038652810335826
1	7.433172715993702E-5
1	3.0605587915719996E-5
1	3.577694541444E-5
1	4.48562355952E-5
1	8.075254622473901E-4
1	8.516558221396001E-4
1	3.8527369676929005E-4
1	2.3197457352899998E-4
1	1.3839570405043002E-4
1	9.138457762543998E-5
1	3.134328490216E-5
1	9.8371098641646E-4
1	8.602270975957999E-5
1	3.7063296198686E-4
1	3.1678633216038E-4
3	8.621093954386999E-4
1	3.108972728497E-5
2	3.9444155646950004E-5
1	2.640443312307E-5
2	5.692222351843999E-4
2	5.951971750313899E-4
2	1.2245651852716002E-4
1	3.4469445061269995E-5
1	9.6303853770251E-5
1	2.3728724845847003E-4
1	3.035514156277839E-4
1	1.5676919556936E-4
1	2.7163163268422005E-4
1	5.4280604961179996E-5
1	0.00371519980356179
1	1.7754389176484E-4
1	2.5537366777351E-5
1	1.106823773752E-4
1	3.1156694571924E-4
1	3.38084070978E-5
1	6.093945291581E-5
1	8.263812952184297E-4
2	5.0566002315240003E-5
1	4.2039474007959994E-5
1	4.2531094482340005E-5
1	5.578976781596999E-4
1	3.5379458679762006E-5
1	2.7628025479194E-4
1	0.0027417890684074795
1	0.0052837967483580295
1	3.665686460781E-5
1	7.924184430509E-5
1	8.9929565211641E-4
1	6.384290697850001E-5
1	0.00321425585501091
1	7.067517733356998E-5
1	8.9879789716093E-4
1	6.687648844492599E-5
1	3.3116049096397997E-4
1	2.9846685702809998E-5
1	1.3310103189171E-4
1	2.5336742361632003E-4
1	0.0014505674253337398
1	3.752384593451E-5
1	4.4763879539279995E-5
1	3.2358692128620005E-5
4	0.01261181041697481
1	3.4669229623668005E-4
1	6.657794998590199E-5
1	0.00159153508362792
1	3.2217013801348E-4
1	7.4128161461426E-4
1	0.0011730945242703
1	3.4403338738129996E-5
1	0.00103255232381895
1	2.5862804075189004E-4
1	1.440618607669E-4
1	2.7053516983227007E-4
1	3.1258172455551E-4
1	2.5237490183063E-5
1	2.1092939078667998E-4
1	7.281713885879999E-5
1	7.0439120198248E-4
1	8.714921799915999E-5
1	6.276293401846E-5
1	2.8782370363269997E-5
1	4.570338061091201E-4
1	0.00243340250296207
1	1.996326416484E-4
