1	8.011893613216002E-4
1	9.604955031700399E-4
1	0.00160390070646477
1	0.0057040886160419
2	2.0567566919738002E-4
1	7.473750933879398E-4
1	0.0016223024742545796
1	6.219144909333501E-4
1	8.945406259511001E-4
1	1.9505313152225009E-4
1	0.004059264301895508
1	3.4437962232668E-4
1	2.914313217468E-4
1	2.9401284293696997E-4
1	4.6873482922092007E-4
1	0.0022986350351452
1	6.2062262584495E-4
1	8.3365477796404E-4
1	2.1842927005835997E-4
1	2.840400469627E-4
1	4.7642350588020005E-4
1	0.0016242625020540006
2	0.0032845215171599996
1	3.3948490405976003E-4
1	2.540507943782E-4
1	0.0014489237443071
1	3.3304937556397996E-4
2	0.0020983526624733803
1	6.073344703286599E-4
1	3.8433401571096005E-4
1	3.0009226435423E-4
1	3.3007572804852006E-4
2	2.1527887908572002E-4
1	0.00337897504882177
1	5.085334933130999E-4
1	0.0010222692718503
1	8.538500631056E-4
1	0.0022839317028661
1	0.0015428682531899297
1	0.0031302133371168992
1	2.1554594012449993E-4
1	3.6203509436954004E-4
1	3.1161623815831996E-4
1	4.0733480614850014E-4
1	4.4738667134737995E-4
1	2.4140679936E-4
2	0.00114622816322766
1	0.0014167223048886003
1	7.2700918275705E-4
1	1.7339402930083E-4
1	0.0021933784613638
1	2.4419706482302003E-4
1	2.8530257183359E-4
1	6.1691590507623E-4
1	0.00470101035511876
1	0.00350096276031736
1	0.003943349376453
1	9.986919129768902E-4
1	4.6173039718983987E-4
1	4.319840720302999E-4
1	0.0013953217540235003
1	0.0015929718821971002
1	3.2579110691645006E-4
1	5.463137814523598E-4
1	2.2601603002683003E-4
1	6.869138773272401E-4
1	8.6409689051012E-4
1	2.2208542722278E-4
1	3.560306388560401E-4
1	2.1376823422472E-4
1	4.6025834656124E-4
1	0.0047568064913465005
1	0.009794796198850469
1	0.01541816283706019
1	0.00193857526088435
1	2.5343566952881E-4
1	0.00682335219566207
2	0.0010254455907859
1	8.157947374428599E-4
1	1.7923008799788004E-4
1	2.2684027257067002E-4
1	1.9544951251226997E-4
1	1.7673537525527E-4
1	0.0032984067063700994
1	2.2461654737944005E-4
1	0.0010097003714307
1	3.8988811714132005E-4
1	2.1411810330085E-4
1	4.8014459521503996E-4
1	0.0014289028973977999
1	7.310442065720199E-4
1	5.699743470220499E-4
1	2.1707911841099999E-4
1	2.1158769838875997E-4
1	0.00139626394444083
1	2.4068663997800006E-4
1	0.002254155109238701
1	0.0023483509586126206
1	0.0012947105475074998
1	3.8451388667320004E-4
1	4.232687825824699E-4
1	5.663159563927202E-4
1	3.327289425511999E-4
1	6.134699320757E-4
1	2.2033979961998E-4
1	0.0026254399728261797
1	2.4444253898610004E-4
1	2.5000089699034995E-4
1	4.787493058652998E-4
1	2.5039857740357E-4
1	0.005614962290369691
1	2.582195791801E-4
1	2.3592929247072004E-4
1	0.0012171725943894
1	2.9292454553365993E-4
1	3.671887239636701E-4
1	0.0054488204289165
1	2.372743199043E-4
1	2.3481737281479E-4
1	3.796800081555001E-4
1	2.1961394076123003E-4
1	2.6199367941570005E-4
1	0.004736636920423402
1	4.3744595336503005E-4
1	2.6578624898960005E-4
1	3.2813585431200006E-4
1	0.006617303946452299
1	2.6710624500239996E-4
2	0.0011054380537254302
1	3.4921944014078E-4
1	3.456382584428E-4
1	0.0051839026768891
1	6.885555460434004E-4
1	0.002870228466720601
1	3.556700228334301E-4
1	7.608947651207001E-4
1	0.0031176402828416404
1	7.8656529248598E-4
1	0.0014201042304323405
1	7.230266405559998E-4
1	8.648297905758001E-4
1	2.5924612519101E-4
1	4.1076696729230996E-4
1	0.00574325425654306
1	0.011435783695578197
1	4.567955970542901E-4
1	7.808479306059E-4
1	2.9904095605621996E-4
1	0.0013884773522500904
1	0.0011251471218777997
1	2.489918176186E-4
1	2.914109299814E-4
1	0.0014701123167995002
2	5.119044622881899E-4
1	7.5030561536898E-4
1	0.00143782893522672
1	2.1556264645789991E-4
1	5.661726594239E-4
1	7.977005646711E-4
1	3.742315745331E-4
1	0.0013552324028211498
1	0.00110266213435696
1	5.631369434455299E-4
1	0.004895225857927802
1	9.1330873936544E-4
1	4.5503329262525E-4
1	8.592078931646599E-4
1	2.4381809827742003E-4
1	2.5325689531498E-4
1	2.28635811265E-4
1	1.9171386564219002E-4
1	3.056170998254E-4
1	6.4888647527894E-4
1	1.8722868222190007E-4
1	0.005327098526011019
1	3.9405589710418996E-4
1	3.1308578809036E-4
1	4.2900281162949007E-4
1	0.00152781932847129
1	0.0018968494062884598
1	8.3727296717042E-4
1	0.0032508470434023883
1	2.0282722969489992E-4
1	3.9987769666902014E-4
1	3.258539462743E-4
1	3.1191759325093E-4
1	4.766093518736199E-4
1	6.9590392888845E-4
1	3.4998289534689004E-4
4	0.005134531008771128
1	5.885852490056E-4
4	0.0025485297265064196
1	2.858894216571E-4
1	2.3611607798539996E-4
1	2.2466013704589997E-4
2	2.0686126485174E-4
1	4.0453999573581995E-4
1	0.004774415729785601
1	6.649770409413601E-4
3	4.7966515087312E-4
1	4.8298010327689007E-4
1	6.164729669488999E-4
1	1.5554180649748E-4
1	2.826985900793E-4
1	0.0024262807574456004
1	8.902000238492E-4
1	5.1677138346831E-4
1	8.5773272621689E-4
1	7.532683000460101E-4
1	3.405719842962799E-4
1	0.00117460367370625
1	2.85101493771E-4
1	7.1182798464715E-4
1	0.00105480979216777
1	0.0029063156381844008
1	2.7878328189960013E-4
1	3.536807587863E-4
1	4.067212362144E-4
1	1.7911117696134998E-4
1	3.4516445351121E-4
1	5.427960156652E-4
1	4.1417856819560007E-4
1	0.0029087266032699
1	3.4799634638150003E-4
1	0.0052076351463651
1	0.005354572221209601
1	2.594236383566E-4
1	2.9907126419034997E-4
1	8.9209288887775E-4
1	3.0863429417054E-4
1	0.0028827321144826606
1	3.3018076152882997E-4
1	2.5185468241257E-4
1	2.7408783574165997E-4
1	5.428619552872202E-4
1	2.302998142899E-4
1	0.0017052524138410896
1	5.9313111695518E-4
1	5.7019111027462E-4
1	3.3682974718513004E-4
1	3.023970828207E-4
2	0.0011550456785264997
1	7.981618577034301E-4
1	5.099014991970601E-4
1	9.205520225167702E-4
1	0.0015233248254326998
1	6.5274481258E-4
1	3.8867985712759997E-4
1	4.456901259251301E-4
1	5.339661124152001E-4
1	0.007564760322561348
1	0.0010848084763886697
1	9.997292302919103E-4
1	3.0403832266370003E-4
603	5.0E-6
1	2.2832804093970998E-4
2	6.743816487783402E-4
1	3.6102879290840007E-4
1	0.0014563353458034996
1	4.6940950456527E-4
1	0.0010403657180476
1	0.0011780343658130904
2	2.6425177435178E-4
1	9.430172695396E-4
1	0.0010198936742958301
1	1.9579098109625003E-4
1	0.0014050587964798001
1	0.0019922542578845893
1	6.434017696058901E-4
3	0.0013799515112243
1	0.00602373530156104
1	2.9931483256383E-4
1	2.7177572193933994E-4
1	2.6920927236996997E-4
2	4.369671876729201E-4
1	0.0011017296191028
1	2.1325716568797003E-4
3	0.0023537813898531993
1	0.0048529722315289
1	0.0018811847693186298
1	2.0063751874145998E-4
1	5.521592171373001E-4
1	0.00241893606535207
1	4.5708205220745E-4
1	0.00201339587301075
1	0.0016293604981488506
1	0.0013651876809780295
1	2.3436044332423995E-4
1	6.3872948282222E-4
1	0.00468924455512251
1	9.082702648479998E-4
1	4.6991906318127007E-4
2	2.5390877614482995E-4
1	2.6594691827267E-4
1	7.9232229839647E-4
1	3.201794369803601E-4
1	3.5980106544446997E-4
1	4.5840237556689004E-4
1	4.4110425394513987E-4
1	9.493053976332E-4
1	6.0472878472173E-4
1	0.0011224453086786203
1	0.0028887974026934097
1	4.821985044765403E-4
1	2.1066188689943004E-4
1	2.5204367817979994E-4
1	8.840368175817997E-4
1	0.0012879940201917
1	2.822003551857E-4
1	0.0040821794505162025
2	2.5697521854493996E-4
1	2.1376458429343004E-4
1	3.9731488747910004E-4
1	2.917054664017001E-4
1	4.7567206649888E-4
1	4.0520824455102E-4
1	5.653047370535602E-4
1	2.2857663272559997E-4
3	0.0022168417004550895
1	2.4414655475037003E-4
1	2.3257144280829006E-4
1	5.1851550349657E-4
1	2.3019231668942002E-4
1	2.1318422271570002E-4
1	3.2994018564477E-4
1	6.952419150458999E-4
1	2.3929032767689999E-4
1	2.5855777169903E-4
2	0.009506659044965901
1	4.067384342401001E-4
1	0.0014301330232183798
1	8.284638461794201E-4
1	0.0010935777436505995
1	0.0025085290499075002
1	5.8495928189063E-4
2	0.0012122713559144403
1	0.006266964246475301
1	0.0069383556395122
1	5.430252542894E-4
1	7.652041720742801E-4
1	0.0032720082755825003
1	2.693154600908E-4
1	9.994915938737797E-4
1	3.191608548066E-4
1	8.070169747167498E-4
3	0.002599035151121919
2	0.0023227695873326
1	0.0013927871481772597
1	0.0022286615274869992
1	7.489929921479301E-4
1	3.5221987155446E-4
1	2.5110606798589997E-4
1	2.5727945633482996E-4
1	1.8572848657299E-4
1	1.9036595981304E-4
1	0.0048626384289831015
1	7.833043663695997E-4
1	3.6213399763177E-4
1	0.00203291412970326
1	4.6634855225032E-4
1	0.0012284924163257498
1	0.0026574531387267997
1	0.0020942137735552296
1	2.5255666692183E-4
1	0.00150778540677986
1	3.612997729647E-4
1	2.6873531409068996E-4
1	1.9069357831461E-4
1	2.7609652985959997E-4
1	0.0053055960096281985
1	3.4840027248130007E-4
1	0.0012941827562459503
1	6.388594776903301E-4
1	3.4758923604680985E-4
1	2.521056769289E-4
1	2.3920910501479996E-4
1	5.0229006998207E-4
1	0.005793954762577821
1	2.0705049858611E-4
1	5.167381756974098E-4
1	3.424022889823E-4
2	0.004839230489032211
1	8.304588519999E-4
4	5.032640962062199E-4
1	1.7361778261972005E-4
1	3.9238059946339993E-4
1	0.0039007387110011997
1	6.5115127459499E-4
1	2.5959733885459995E-4
1	2.5857708685289994E-4
1	6.607841464917999E-4
1	5.826499782719698E-4
1	1.8729167692546996E-4
1	0.0019921637961930897
1	3.3360501917576E-4
1	8.850813901499802E-4
1	7.200435667066402E-4
1	0.0010280296402034
1	0.0010978894618569202
1	3.673815761385001E-4
1	2.5262727598183E-4
1	0.00115337719016976
1	0.0015076892768408
1	0.0058485600219625004
1	8.561751947026004E-4
1	0.0010663441943125497
1	4.0589728265331E-4
1	2.4088378885288002E-4
1	2.9391947434643E-4
2	0.008293654578724502
1	0.004807097755324072
1	3.8965112791589996E-4
1	2.3321195218439002E-4
1	2.1826019159410006E-4
1	2.4482081383664004E-4
1	0.011115347190689639
1	0.003624648141687901
1	2.8631169887163E-4
1	0.004456616199943391
1	2.963677752533999E-4
1	2.763400546183E-4
1	5.222444296244001E-4
1	3.681755216802E-4
1	6.791330461616197E-4
1	0.0010163270024802998
1	2.321906570863E-4
1	5.763739068594999E-4
1	5.3742192330764E-4
1	5.954205096441299E-4
1	2.170296594610701E-4
1	3.410803000838101E-4
1	3.644698339769899E-4
1	0.0045469761656413395
1	5.165979133837402E-4
12	0.004975976431480641
1	0.006665045147300832
1	2.1572558536162001E-4
1	0.0013334832830974998
1	0.0014274988794138997
1	3.1925927954477E-4
1	2.422750489598E-4
1	3.978823954933999E-4
1	0.0018691025811545397
1	9.457651206418E-4
1	2.5059591259583E-4
1	6.974179247103001E-4
1	0.0011117432215540202
1	1.7462768917334E-4
1	2.783279886364999E-4
1	0.002651860328052739
1	0.0018956974185427697
1	0.0014523528039652
1	3.1273948021510003E-4
1	5.540811298233899E-4
1	0.0011105240578532997
1	7.854194654133899E-4
1	0.0033242488363766885
1	4.214087116268901E-4
1	2.0129678532973996E-4
1	8.725288415453998E-4
1	5.958697089145999E-4
1	0.004761960942235693
1	0.0014291538711385004
1	2.2079971301683005E-4
1	3.322673016795899E-4
1	0.0037548379909219
1	0.00188516098619864
1	6.4289993476844E-4
2	2.4447253160841996E-4
1	6.606002663532E-4
1	2.2274790151918E-4
2	3.2008222662533E-4
1	0.0031259345391010003
1	6.154135636785298E-4
1	2.7833630557032E-4
1	2.041634038832E-4
