1	9.55196121725E-5
1	3.4273312360903003E-4
1	8.00241437625E-5
1	1.76680090604643E-4
1	1.0716282297348999E-4
1	0.0030716792080354603
2	1.0328263785273702E-4
1	0.01535581123906945
1	6.674167180729999E-5
1	1.14328283484067E-4
1	0.00218952293661799
1	1.5026872346438002E-4
1	2.7960238603689895E-4
1	9.299948724793701E-5
1	0.00254674147565804
1	0.014520708197391598
1	1.0536762075528699E-4
2	9.8375830316122E-4
1	1.26250376796457E-4
1	2.4437572055668996E-4
1	1.0170577743449798E-4
1	4.1420642981688697E-4
1	1.2345199777700998E-4
1	1.5554562289958E-4
1	8.24737485609E-5
1	2.12199036243401E-4
1	1.4506712807969997E-4
1	3.0118907165206004E-4
1	1.0150631612328699E-4
1	8.846364906544681E-4
1	0.0010155781206253368
1	1.2421723367009999E-4
1	8.569267667108999E-5
1	1.4606712545511998E-4
1	2.7916595763346E-4
1	4.9059949934276E-4
1	0.00120336986430796
2	0.0016472472099135999
1	6.80604085793E-5
1	0.00102810118645138
1	7.589281307853801E-4
1	1.22834700526987E-4
1	1.6352948684026102E-4
2	6.121066861698271E-4
1	0.00308561451591285
1	1.0070001923033E-4
1	8.306437875706799E-4
1	7.0845704985066E-4
1	7.064756917297E-5
1	1.2604823091841E-4
2	9.2742537827891E-4
1	1.05779331415147E-4
1	6.2329844506257E-5
1	3.86749480176408E-4
1	4.4499865097087995E-4
1	8.591010002803899E-5
1	1.5414723516486E-4
1	7.9367460350965E-5
1	8.5824444746649E-5
1	6.228058002774E-5
1	0.012678034996775799
1	5.943891896455E-5
2	0.008220957292433731
1	0.00143486234320594
1	2.19750231007861E-4
1	1.9911571974594297E-4
1	5.110471721511499E-4
1	2.0080876227040003E-4
1	6.19673680943E-5
1	0.0013498931656263239
1	2.8537838074575E-4
1	1.7723105037580002E-4
1	3.258141137346E-4
1	4.7980624392813E-4
1	0.002131952580225058
1	9.215290035387E-5
1	8.1591741038127E-5
1	6.599867194209299E-5
1	5.164333094241E-4
1	1.5526461833282001E-4
1	0.0068936467884828595
1	0.007712302463570589
1	9.925306231013E-5
1	2.5484883796649E-4
1	7.445373640796E-5
1	2.878517446284E-4
1	0.0036209361820212006
1	9.398770148078E-5
1	6.297374786355E-4
1	1.8497539549643702E-4
1	3.3729321157810097E-4
1	6.670748271118799E-4
1	2.3766389053887001E-4
1	7.39582569306041E-4
1	8.2611871682161E-4
1	2.75144576812518E-4
1	1.7284225157364197E-4
1	2.1901270622323097E-4
1	0.001824372528337982
1	2.0043480419302002E-4
1	2.5784708389943093E-4
1	1.3072816049017701E-4
4	3.73656354920098E-4
1	1.0382382671100698E-4
1	6.12886230769E-5
1	8.936211071427E-5
1	3.6069124689301E-4
1	2.88691841991528E-4
1	5.7421748199974E-4
1	2.0241021536558E-4
1	0.0021231627035129385
1	0.00348697982937141
1	9.689952047531E-5
1	0.0078127823565538
2	0.004903478443918599
1	0.0104628680921118
1	8.901781040473702E-5
1	1.2056589860030001E-4
1	1.7459155166218E-4
1	2.502347429158E-4
1	0.0034852399631294002
1	3.139190478532E-4
1	1.0151397866195E-4
1	1.81374368774124E-4
1	1.474244663163E-4
1	1.4229376393756E-4
1	4.042552249363681E-4
1	8.393712208125001E-5
1	0.006524736490267699
1	0.0011924813473787
1	5.5432446479695E-4
1	3.1890403101145996E-4
1	0.0010453579407688
1	1.402664181216E-4
1	1.9072874950813002E-4
1	0.00126390994278601
3	6.526696597871001E-4
1	1.8036733910821104E-4
1	7.590617701515E-5
1	0.00244997468311678
1	4.0814281456441E-4
1	5.202005667211799E-4
3	2.03890636821097E-4
1	1.5721481190048E-4
1	4.67046172235402E-4
1	9.477948415764401E-5
1	3.6174223736316696E-4
1	4.3758359367389E-4
1	2.8200048779448E-4
1	0.0040723147181543
1	2.5861690498392E-4
1	7.418764277824999E-5
4	0.012666806515086025
1	6.0136869542285E-4
1	1.6585249657340002E-4
1	1.0551843390738699E-4
1	2.2094412521588697E-4
1	0.0016508243941372798
1	1.0580294101865002E-4
1	8.7260625627602E-5
1	1.6580640183107997E-4
1	9.436672322399E-5
2	1.4282581122798698E-4
1	8.939830659438E-5
1	1.77780343778337E-4
1	7.566480513785698E-5
12	0.00554799667425766
1	2.1274758296989399E-4
1	6.871441996108699E-5
1	4.39884061964537E-4
1	1.9745944142376E-4
1	9.2902310629685E-4
1	1.2953921158763E-4
1	3.8771755378936006E-4
1	1.4051949428173298E-4
1	1.2258982841399998E-4
1	5.727560967788049E-4
1	7.0394234834787E-5
1	0.0018586397509182202
1	0.001376381914589478
1	9.1774326595203E-5
2	7.79182685718465E-4
1	3.3429702609491995E-4
1	5.061333205735498E-4
1	6.20015850272254E-4
1	5.318725102671E-4
1	2.36574010920349E-4
1	1.96045600427768E-4
1	0.00213189900673086
1	0.00210479224856735
1	0.0018413099233697868
1	2.13256049609092E-4
1	1.5784299762392E-4
1	3.84147337606649E-4
1	5.85162193546047E-4
1	5.745525493468968E-4
1	9.340902058559998E-5
1	2.6362397954245897E-4
1	1.0272971015988E-4
1	6.3822181817747E-5
1	3.7026993928585E-4
1	1.86661347665487E-4
1	1.8242425115900702E-4
1	0.0025659642627338
1	7.013443032408999E-5
1	1.0832674497227001E-4
1	1.95284295897261E-4
1	0.001017085833925707
1	0.009447913081669939
1	2.874122112654599E-4
1	9.475698145483198E-5
3	0.0010153191962456879
1	0.0015895507300659
1	7.778925287490201E-4
1	1.49534391097787E-4
1	0.00163003887821395
1	0.0083718762073358
1	5.23522916403961E-4
1	5.52211836544142E-4
1	1.2487466747236001E-4
1	8.799574926294699E-5
1	6.765918124069999E-5
1	0.006811062638654341
1	8.504209715079998E-5
1	8.196306863443001E-4
1	7.472001172217E-4
1	2.06331696094352E-4
1	8.64401105339E-5
1	0.01257349727783138
1	3.9706495311804996E-4
1	8.277675221478999E-5
1	7.582722066490009E-4
1	5.70864789822376E-4
1	9.5921249515618E-5
1	6.264144958272299E-4
1	7.535678080748699E-5
1	7.4625067664187E-5
1	7.4277071572427E-5
1	9.465427079546999E-4
1	1.0788743843696E-4
1	1.0277279324856999E-4
1	0.00322700538174275
1	3.027968524323E-4
1	1.9948013855183998E-4
1	8.556397001190001E-5
1	0.00103582829007368
1	5.0900851213423E-4
1	0.00286593748719143
1	0.0012585958224651597
1	1.02370911482E-4
1	6.975308150716001E-5
1	7.065204434256701E-5
1	8.451536010904099E-4
1	0.0029139938602271605
1	2.0941631657259E-4
1	9.3998770806147E-5
1	1.4418511642851E-4
1	0.0022029052581335118
1	1.1923021556661E-4
1	0.0014738930976521
1	4.2780654835198E-4
1	0.004147715201252
1	1.1083321763454E-4
1	5.18931685641193E-4
1	6.5256625373338E-4
566	5.0E-6
1	0.008951973759310701
1	1.8634412791791E-4
1	0.010243336654871898
1	0.0010770973539170397
3	0.00154732975126459
1	4.51562257602907E-4
1	4.3202517265727996E-4
1	1.3310293155676E-4
1	1.8533651497132101E-4
1	0.0055139821091548784
1	6.577839433825791E-4
1	8.277591664028999E-5
1	7.509369665769E-5
1	7.3911232833821E-4
1	1.9126899853506098E-4
1	1.31273396521721E-4
1	0.001360575489014
1	2.4639580458956E-4
1	1.9331346663271098E-4
1	1.37312459264787E-4
1	3.88524319483712E-4
1	1.3268400413440998E-4
1	3.033661627082E-4
1	5.0732284428796E-4
1	6.654739590444E-5
2	1.24364618579592E-4
1	7.486436063962E-5
1	2.0823067007856E-4
1	8.942152351734998E-5
1	1.7383424485467697E-4
1	0.0022645537614965003
1	1.73921448351367E-4
1	1.8256093469524998E-4
1	2.036634196343E-4
1	1.3835052708290703E-4
1	0.0012139573819273
1	1.3889149452069E-4
1	5.4308838638517E-4
1	8.8031984725938E-5
1	2.03285094580306E-4
1	1.1455749597917099E-4
1	1.83272816778861E-4
1	2.4651736682168E-4
1	2.7245561757804004E-4
1	7.603843192896E-5
1	2.3614416040965998E-4
1	2.84241175923578E-4
1	2.9506758890311403E-4
2	1.26265135782347E-4
1	9.1332929643514E-4
2	0.0018951574301743568
1	1.0926691924883701E-4
1	1.0465328891502999E-4
1	0.00228609568666487
1	6.4863359933346E-4
1	1.9980593942322E-4
2	2.03764277161069E-4
1	9.201791493779999E-5
1	0.012176780945900498
1	2.39979863069901E-4
1	1.29339568188567E-4
1	6.781992001305E-5
1	0.0010318051182934202
1	8.562800842508001E-5
1	6.0331501475182E-4
2	0.0011467834279999369
1	1.3447224865058998E-4
2	9.362551936244698E-5
1	8.617544307564E-5
1	7.5233869216361E-4
1	5.144020406077399E-4
1	9.8126368299027E-5
1	0.0035362445858244797
1	7.553883631123001E-4
1	0.006146939837901045
1	7.4173778001867E-5
1	7.20257435963198E-4
1	1.6286816737281E-4
1	0.00687537444497248
1	1.4282201078766102E-4
1	1.6560149686949E-4
1	1.180703522708E-4
2	1.8824098315000097E-4
1	9.4657528091657E-5
1	5.53845418277768E-4
1	7.070325905222E-5
1	0.005755887862452699
1	0.00294439244362862
1	1.7724561032236998E-4
2	0.00234947036067331
1	5.78026056711E-5
1	9.929617664822E-5
1	2.0559277008127999E-4
1	7.859150752703901E-5
1	1.1406692547205E-4
1	5.883791314270499E-4
1	9.960594579908699E-5
1	6.204217262620001E-5
1	3.1666755999870997E-4
1	9.2323231421634E-5
1	1.88813710291487E-4
1	1.0520672689646999E-4
1	3.2625404054129997E-4
2	3.02527039937928E-4
1	3.0802705727381996E-4
2	1.0827154733178698E-4
1	4.216740770938E-4
1	1.420393668408E-4
1	7.3909703017087E-5
1	2.598871484631E-4
1	0.00143259209996891
1	1.8941308366626097E-4
1	8.652355117430701E-4
1	6.885760224804E-5
1	2.44465427365547E-4
1	6.393365412128E-5
1	8.400342472866E-5
1	0.005777465857037561
1	2.47618811792861E-4
1	1.0778825676611E-4
1	2.7565043294096E-4
1	1.3411114547253998E-4
1	8.13468942436E-5
1	8.722859603551299E-5
1	1.5711238021498E-4
1	9.235724220107E-5
1	9.130009570783702E-5
1	3.8281924071071E-4
1	1.6404073570837E-4
1	7.969573424929E-5
1	5.235841732404299E-4
1	1.5948943445388E-4
1	2.3873997774658098E-4
1	6.9388604825277E-5
1	9.21968676254E-5
1	0.0027728032988664202
1	0.00191682712809709
1	9.39472639156E-5
1	7.235150662913E-5
1	1.41925156826136E-4
1	8.560730923097989E-4
1	0.0012847925308085608
1	1.90702079964261E-4
1	8.298261840836001E-4
4	0.005476211781970449
1	8.254243587983999E-5
1	1.5684868940263E-4
1	1.9077803814528002E-4
2	8.0538089512937E-5
1	4.33004903469476E-4
2	5.517334127820159E-4
1	1.40027564974926E-4
1	0.0015400114839048866
1	2.70384463026498E-4
1	0.009536764112986061
1	7.4022104615903E-5
1	1.0572642463820001E-4
1	9.7929732340492E-4
3	4.0477626732704996E-4
1	1.6707083989523E-4
1	3.1340231323981994E-4
1	6.570542433311E-5
1	5.3482655287536E-4
2	0.0019935491581291997
1	1.0913738709346E-4
1	5.06613260583197E-4
1	4.3611486954199996E-4
1	1.8052369015226398E-4
2	6.823508159996699E-5
1	1.3234948311961E-4
1	9.3842157529937E-5
1	0.0070833876502569195
2	6.213620170635799E-4
1	7.352157959478001E-5
1	1.2003989726791E-4
1	2.7827714151204997E-4
1	7.448239640776E-5
1	3.0071172158801997E-4
2	7.768110014027E-5
1	0.0032303106809903996
1	9.626911954069002E-4
1	0.0012217890134438598
2	2.40090109287137E-4
1	0.002137911440395
1	0.0015014328371355
1	3.3663854952889694E-4
1	1.555174206207E-4
1	1.3543100772873E-4
1	1.9313180689411102E-4
1	2.9094731833077E-4
1	2.557868918459E-4
1	0.0030765585538574
1	0.00100188472210157
1	2.415910973229E-4
1	1.4592293887428698E-4
1	2.863301444543E-4
1	3.32904102164917E-4
1	1.5102687319075E-4
1	8.387714334668999E-4
1	4.4692495809952E-4
1	1.8924375805637E-4
1	3.3784812548491995E-4
1	1.39576917057487E-4
1	5.3842058291405005E-5
1	1.9796660424649797E-4
1	1.0086976588804901E-4
1	2.21240547884229E-4
1	1.51757943201567E-4
1	2.0318078161933798E-4
1	1.0825009194549999E-4
1	4.2658928468828993E-4
1	1.5437281684291E-4
1	8.0378961713E-5
1	1.7071925714160697E-4
1	6.376727655245001E-5
1	6.877343377209E-5
1	1.3614502481907898E-4
1	0.00275844047094923
1	0.0021667249607180803
1	6.925368655884699E-5
1	8.0491109909299E-5
1	5.759108057549E-4
1	0.00333501788678292
1	1.1415608572308699E-4
1	1.39006829213261E-4
1	0.00136062233100557
1	1.36996233318047E-4
1	1.3953412028011104E-4
1	6.8956662672697E-5
1	0.01143415034386807
1	1.6905063412559997E-4
1	1.1944383855189998E-4
1	8.740579519826E-5
1	0.0029524986846359604
1	7.495982772824799E-5
1	1.12923232816587E-4
1	0.00327073412639567
1	0.0010957008353364899
1	8.808903384510098E-4
1	3.4605872219510493E-4
1	8.5162535366563E-5
1	2.897733270357E-4
1	2.2303325666367998E-4
