1	6.052656619058601E-5
1	1.4710145109748398E-4
1	1.95639466044487E-4
1	6.089432608859601E-4
1	0.002326749667002115
1	4.669211760998999E-5
1	5.594273582044E-5
1	0.0011882268274255197
1	1.0756095426313901E-4
1	4.740063591962E-5
1	0.0011094272639803398
2	2.72487255687214E-4
1	0.0033420174203093803
1	4.711002620030399E-5
1	2.4479682269233004E-4
1	0.0055607457536455
1	1.6346696510611002E-4
1	2.8175909422935E-4
1	0.0023996094200646146
1	4.991166495338999E-5
1	4.4350470770634996E-4
1	1.0469302225354599E-4
1	9.296350991081298E-5
1	1.0892880971401297E-4
1	4.672598813796001E-5
1	9.656719238505202E-5
1	3.567099415589E-5
1	7.1251630432994E-5
1	6.2502716209624E-5
1	8.742484373503302E-4
1	3.8306425767456004E-4
1	0.0010657829102226801
702	5.0E-6
1	3.607605814E-5
2	2.2325493934994002E-4
1	2.0678270091740395E-4
1	2.7866109193669E-4
1	1.4956996762322398E-4
1	6.599207317271201E-4
1	1.8191028226197204E-4
1	3.9798076057264E-5
1	4.0709663023019E-5
1	5.761378935119E-5
1	2.1539313964657003E-4
1	4.349432763426639E-4
1	1.1156404004210999E-4
1	7.07842297065214E-4
1	5.6553531032315E-4
1	2.8468234468349005E-4
2	5.3875992608344E-5
3	0.0030316818126049894
1	0.0011713315279276403
1	8.749719149594396E-5
1	3.5069280564953E-5
1	1.7145329069891E-4
1	6.44107642867626E-4
1	0.00474731106801712
1	5.9408762933813996E-5
1	5.2497418151469995E-5
1	5.8339420629191E-5
1	3.9652204395337E-5
1	0.0033779406573355504
1	5.9176829565120004E-5
1	7.776356457634398E-5
1	1.2353288215077E-4
2	5.869295101063699E-5
1	1.8445380144885398E-4
1	1.6663881896867197E-4
1	2.6965934817341897E-4
1	0.0030523144779278106
1	1.4947400211604706E-4
1	3.0004668948795004E-5
1	6.260831023015E-5
1	2.8557032978996E-4
1	2.8003783985418E-4
1	6.555907206234E-5
1	0.003078782819909089
1	6.396270533702E-5
1	3.1968986383612086E-4
1	1.7103933790209397E-4
1	5.2619758593849994E-5
1	8.9679043657265E-4
1	3.8037451146064004E-5
1	4.6033660697404005E-5
1	1.0023802857279399E-4
1	0.004320035346768371
1	7.1883951785143E-5
2	1.8550819904997E-4
1	1.0514615279297399E-4
1	4.9580632896849996E-5
1	8.214870261304999E-5
1	1.3073951136380698E-4
1	5.5913885009480005E-5
2	6.9855954066214E-5
1	1.8521231042830096E-4
1	4.1542998667310004E-5
1	1.25590594270674E-4
2	4.29171360915E-5
1	8.3845057387956E-5
1	0.00133441077888112
1	3.5062830943551E-5
1	8.832756284099398E-5
1	0.00189456293262853
1	0.003141935640557319
1	0.013716885456972536
1	1.0412340139195999E-4
1	0.0016778361605921603
1	2.8017443494599904E-4
1	3.3486979970912E-5
1	5.300443038289401E-5
1	1.2064117080773E-4
1	2.9911348195756494E-4
1	3.5394030646863987E-4
1	4.1661683507719004E-5
1	0.0015843506288073302
1	4.564750437855E-5
1	2.2926241545779007E-4
1	3.5371368564517E-5
1	0.0034655181176443837
1	8.488722171820998E-5
1	0.0024576285162614788
1	7.934860480581998E-5
1	0.003265052178169801
4	0.012007302950309719
1	3.801492262097398E-5
1	0.003467012628625001
1	3.8862786914208204E-4
4	0.0015638338172579039
1	4.581090210535E-5
1	3.6686956837800897E-4
1	2.7994594692274305E-4
1	6.628486302648E-5
1	6.7885095706134E-5
3	9.98748728826374E-4
1	3.5616121844088996E-4
1	1.0723156204882998E-4
1	7.915166990455398E-4
1	6.4848533764984E-4
1	7.327775586217001E-5
1	4.6648450646129996E-5
1	0.01344851764742806
1	1.6549966697930303E-4
1	0.0010384347257504302
1	0.00113653836849979
1	1.0414061501826998E-4
1	4.022146217369399E-5
1	3.7303395497769E-5
1	7.4104434038806E-5
1	5.4275952915934E-5
2	6.76253710296973E-4
1	5.6179825651490006E-5
1	1.0422697540104502E-4
1	5.120171454791841E-4
1	0.0011148754017344103
1	8.803188659164E-5
1	1.0388813255369004E-4
1	4.511317536267E-5
1	4.490457019474999E-5
1	8.952853359779299E-4
1	6.678589926805501E-4
1	3.6453357758126407E-4
1	0.00399157050748539
1	1.8879160439407605E-4
1	1.9710182154317996E-4
1	5.632891369480001E-5
1	5.344520439853999E-5
1	6.768490426493901E-5
1	8.732138591230439E-4
1	5.798322926119E-5
1	0.0011478060875903602
1	0.0015962270747847634
1	1.3355939592982002E-4
1	1.8420027893105995E-4
1	2.5516430528001996E-4
1	0.00133603632169464
1	6.387237391847E-5
1	0.0013966158147926731
1	6.862435821227E-5
1	1.1228388005453E-4
1	6.377545426557002E-5
1	4.923561516101001E-5
12	2.57150358435734E-4
1	5.0258796757472E-4
1	4.5640003066241004E-5
1	1.4883798531681E-4
1	2.3624903199799996E-4
1	5.5692802445414E-5
1	7.101116281703002E-5
1	3.4612838662774996E-5
1	0.0013774933612021138
1	1.1299093780862999E-4
1	2.449583766723501E-4
1	1.72277452141171E-4
2	6.3638773411534E-5
1	4.1387761838582E-5
1	7.472829039768898E-5
1	8.255111483892301E-5
1	3.567017398601729E-4
1	1.1486940158814E-4
1	1.2901461945658403E-4
1	5.4913263732000005E-5
1	6.9514886751087E-4
1	3.4479154353175503E-4
1	3.2466162911193807E-4
1	0.003863256657621181
1	2.9445505599100995E-4
1	6.259292053952801E-5
1	0.0018711060003272196
1	3.038403726580499E-4
4	6.769741827436401E-5
1	3.9155389987264E-5
1	0.0014982746689894929
1	0.002659707801359315
1	1.05470560598423E-4
1	8.066665146256799E-5
1	5.9393545264450005E-5
1	0.0016431499010903534
1	3.9632737617196004E-5
1	0.0010009878627564802
1	2.00750808274522E-4
1	7.224095046210298E-5
1	8.579606739144403E-4
1	3.0118588578301994E-4
1	4.0864245793896006E-5
1	2.1122467385135003E-4
1	1.1553748944410999E-4
1	5.467979942913001E-5
1	1.0571354537706397E-4
1	1.9092049660407998E-4
12	0.001559058420391534
1	8.078104276686E-5
1	4.209529109422E-5
1	9.089830503504E-5
1	3.2033432982096E-5
1	1.0377011289659399E-4
1	2.2801870604228998E-4
1	6.174142054609E-5
1	0.0025127050977066553
1	1.1262557636181796E-4
1	3.124550503678068E-4
1	5.575771030680697E-5
1	0.0012691720599927305
1	3.642562682667801E-4
1	1.8293431526722497E-4
1	4.2739059184420994E-5
1	2.8713549937085E-4
1	2.5400333606589006E-4
1	0.0012710893154015267
1	1.1182575742885799E-4
1	4.18903040819E-5
1	4.0277329701434E-5
1	0.0011260573727570897
1	0.0010869144845626999
1	2.8939949855169187E-4
1	7.7019362172074E-5
1	4.152382454014299E-4
1	3.983417865719E-5
1	0.0011816636378385835
2	0.0043207910806017
1	1.0226594646079001E-4
1	4.205984022611E-5
1	1.08755826159284E-4
1	2.05935527312647E-4
1	4.1225672524020013E-5
1	3.2890239114818015E-4
1	2.7324935540276E-4
1	3.4764757517698E-5
1	4.495234574178199E-5
1	1.36921153673754E-4
1	1.2857693480914002E-4
1	5.3900106601459995E-5
1	3.7843826821264E-5
1	3.777440775556601E-5
1	8.747482111123999E-5
1	8.466342158743197E-5
1	2.8248271186536003E-4
1	0.0012527083383387294
1	9.227863033245401E-5
1	3.9348612768994004E-5
1	2.4227102899197E-4
1	5.7667984505896E-5
3	5.812778178584699E-4
1	1.9363136376931007E-4
1	4.013789999094E-5
1	5.178036175179E-5
2	3.6901107856171996E-5
1	1.4399280775960995E-4
1	4.6140841612478996E-5
1	1.9509589597242204E-4
3	3.82880356469974E-4
2	3.0702078167109994E-4
1	0.004999123078142199
1	1.8112862790540396E-4
1	4.13466091564367E-4
1	9.327191779627401E-5
1	6.950058604961E-5
1	8.224767706810999E-5
1	5.082253583752E-5
1	5.918962539871999E-5
2	3.667513862045E-5
1	0.0011794871609520834
1	1.39108018393694E-4
1	1.9468194361647002E-4
2	7.161849147494142E-4
1	4.147941379372899E-5
1	8.084559422727398E-5
1	5.569339609338401E-4
1	4.0844233373636995E-5
1	0.0010006708895074798
1	4.333364526319401E-5
1	0.00304294354877342
1	0.0014642357786738506
2	6.958990157639401E-5
1	5.232015024497999E-5
1	4.686536809593999E-5
1	1.7741802009257397E-4
1	2.6944461509485003E-4
1	1.3307686258298002E-4
1	2.2271434751229799E-4
1	0.0017871370836885503
1	1.8753199580338398E-4
1	9.6178002569904E-5
1	4.639806676115601E-5
1	2.740899130017301E-4
1	9.4791065713401E-4
1	3.546106449464001E-5
1	0.0021417902308623004
1	8.269624631210999E-5
1	3.3878233181898E-4
1	4.3147586191159014E-5
1	2.4695991841853E-4
1	1.3977130764933495E-4
1	1.7866886355168997E-4
2	9.698718562551001E-5
1	1.07720409336726E-4
1	6.906560805850999E-5
1	6.88778335286554E-4
1	0.0017115293813624135
1	1.4817072501116998E-4
1	1.2444265670281002E-4
1	1.1125780564648997E-4
1	6.586145028476001E-5
1	9.287482339184331E-4
1	0.0036993034988887204
1	1.8477600785692002E-4
1	3.8046939530769E-5
1	0.0015470191623534102
1	1.1514325477676401E-4
1	1.0691483384110001E-4
1	3.790052833577602E-5
1	9.473348703276399E-5
1	4.341930524462198E-5
1	7.766083471882002E-5
1	2.5256691001953403E-4
1	8.0120784919475E-4
1	6.725514557491199E-4
1	3.6581485030209004E-5
2	0.001964693306195652
1	1.3644928133805997E-4
1	1.9157232491608496E-4
1	6.216889580022998E-5
1	5.33492741463E-5
1	5.912166300818499E-5
1	6.903466159764999E-5
1	3.9439979046190005E-5
1	1.5048044590438393E-4
1	2.8590957996243993E-4
1	4.341959515454999E-5
1	6.693849286464699E-5
1	0.0011618857327073903
1	1.5832397116432E-4
1	3.6339929044142004E-5
1	4.134808016235401E-5
