3	5.0E-6
1	7.161244381176599E-4
1	5.0E-6
1	5.0E-6
2	5.0E-6
1	5.0E-6
1	5.0E-6
1	0.0038737163641730803
1	0.0010272054723554
1	5.0E-6
1	3.1466100134096005E-4
2	5.0E-6
3	5.0E-6
2	8.687986225845998E-4
2	5.0E-6
1	1.857954267611E-4
1	5.0E-6
1	5.0E-6
1	5.0E-6
2	0.0020937856497424594
1	5.0E-6
1	4.4681125148670004E-4
22	5.0E-6
1	5.0E-6
4	5.0E-6
2	5.0E-6
1	0.0028304222379910505
1	5.0E-6
1	5.0E-6
2	5.0E-6
1	5.0E-6
3	5.0E-6
2	4.5484272002917995E-4
3	5.0E-6
1	5.0E-6
5	5.0E-6
3	5.0E-6
2	5.0E-6
1	5.0E-6
7	5.0E-6
2	4.521993268311001E-4
3	5.0E-6
1	0.0010127756815967801
1	5.0E-6
9	5.0E-6
1	3.083540615591401E-4
18	5.0E-6
1	5.0E-6
1	5.0E-6
14	5.0E-6
2	5.0E-6
1	5.0E-6
5	5.0E-6
50	0.007372703605552799
10	5.0E-6
1	5.0E-6
2	5.0E-6
1	2.6649827913649007E-4
2	2.5703127349558E-4
1	5.0E-6
2	5.0E-6
5	0.0030141523487733804
2	2.5611945504770006E-4
1	5.0E-6
1	0.0037771192452902805
2	7.131418747071E-4
2	0.0045224045583919705
1	9.6203001081094E-4
2	2.6054576845991006E-4
3	5.0E-6
114	5.0E-6
2	5.0E-6
7	5.0E-6
1	5.0E-6
1	5.0E-6
7	5.0E-6
1	5.0E-6
5	0.0034142076819525997
1	2.233513841149E-4
2	4.109432469816E-4
1	2.6048637615349994E-4
1	0.00196143278519105
5	5.0E-6
2	7.6099729091789E-4
1	5.0E-6
1	0.0015785927553645998
4	5.0E-6
2	3.4423684003779994E-4
1	2.5528008758350006E-4
1	5.0E-6
1	0.00105716444938078
1	5.0E-6
1	9.633002521658E-4
1	5.0E-6
2	3.035758611754E-4
2	2.393262433482E-4
2	3.0903924617797004E-4
1	5.0E-6
1	5.0E-6
1	5.0E-6
1	4.4204514357419996E-4
1	5.0E-6
1	5.0E-6
1	6.410678126033001E-4
1	5.0E-6
1	2.0984496605358E-4
1	5.878302929850501E-4
2	0.0037313302956164794
1	5.0E-6
1	0.0020937856497424594
1	5.0E-6
8	0.0033470445231152997
2	0.0011398269403673001
3	3.3788836128349997E-4
1	5.0E-6
2	2.799925877865001E-4
1	5.9982890569387E-4
2	6.460647637974E-4
1	0.0056332296987795
1	5.0E-6
2	2.0825971663539003E-4
1	0.00160904248190647
1	5.0E-6
13	0.012634571032099503
1	5.0E-6
2	0.00140361592803255
1	5.0E-6
2	4.1422238143964E-4
3	5.0E-6
2	0.0040535890970921995
1	5.6758529958678E-4
2	5.0E-6
1	5.0E-6
1	5.738280906586999E-4
1	5.6340404630326E-4
1	5.0E-6
1	5.0E-6
1	5.0E-6
1	5.0E-6
1	8.305538810822998E-4
2	5.0E-6
2	5.0E-6
1	2.6087941732598E-4
1	5.0E-6
5	5.0E-6
1	5.0E-6
1	5.0E-6
3	4.205304108011E-4
6	5.0E-6
1	5.0E-6
2	5.593072656521E-4
1	2.4882148104213997E-4
1	3.3512434831830005E-4
1	5.0E-6
1	5.540183376048601E-4
12	5.0E-6
1	5.0E-6
1	5.0E-6
2	6.914682903328E-4
2	6.460647637974E-4
2	5.0E-6
2	6.7569660575778E-4
2	5.0E-6
1	5.0E-6
2	5.0E-6
1	3.1884973232783006E-4
1	5.0E-6
1	0.0012780387452749
1	5.61285508509E-4
2	5.0E-6
2	0.00218714297550226
2	3.3502234178171E-4
1	5.0E-6
1	5.0E-6
1	0.0014164138865186001
6	5.0E-6
1	5.0E-6
1	5.630806744648E-4
4	0.0038737163641730803
2	8.191390836924603E-4
1	2.7233844505696004E-4
1	5.0E-6
1	5.654291567931E-4
2	5.0E-6
2	4.2893182584362994E-4
1	5.0E-6
1	5.0E-6
1	5.0E-6
2	0.00468416980348825
1	3.04263903111E-4
3	5.365448301935E-4
10	5.0E-6
2	2.9043107294278E-4
2	5.628856874745999E-4
3	4.99979526913E-4
1	5.0E-6
1	5.0E-6
7	0.0035733657011924602
2	5.0E-6
1	5.0E-6
1	5.0E-6
1	5.0E-6
1	5.0E-6
1	5.6194663255538E-4
1	5.0E-6
2	9.579961381529002E-4
2	7.07272727524E-4
1	2.0592770657270002E-4
3	5.0E-6
2	4.7657393576363996E-4
1	2.7658591276349996E-4
2	5.8669227319418E-4
1	5.0E-6
1	5.0E-6
1	5.0E-6
1	5.0E-6
1	3.451602975576E-4
1	5.531351411243601E-4
1	5.0E-6
1	5.0E-6
2	0.00363260269481274
1	5.0E-6
1	0.00287962723962698
1	5.0E-6
1	5.0E-6
6	0.00111033068802318
1	0.0026697604280708
2	5.0E-6
1	5.0E-6
4	3.4796378398051003E-4
1	0.0016838483047033597
2	5.0189812048398E-4
2	5.0E-6
2	5.0E-6
4	5.0E-6
4	0.00627393377596638
1	5.0E-6
2	4.5484272002917995E-4
1	5.0E-6
3	9.490616325675997E-4
3	0.00142987047435786
1	5.0E-6
2	4.597184533361E-4
2	4.4877679239566E-4
1	3.5315854889213E-4
2	5.0E-6
1	0.0016838483047033597
1	5.0E-6
2	5.0E-6
1	5.0E-6
1	5.1702764892358E-4
1	5.0E-6
2	3.1771681860885996E-4
2	5.0E-6
3	5.0E-6
1	5.0E-6
2	5.0E-6
2	5.0E-6
2	0.0030970443248490103
1	0.00627393377596638
1	5.0E-6
1	5.0E-6
5	5.0E-6
2	3.4443039797071E-4
1	8.157236826208E-4
1	5.0E-6
3	5.0E-6
1	0.0056714808234657995
1	5.0E-6
2	5.0E-6
6	8.210353025135999E-4
1	5.0E-6
1	0.0030141523487733804
1	2.7288666788598E-4
1	5.0E-6
1	5.0E-6
1	5.0E-6
5	0.00141293385869996
1	5.0E-6
1	5.452184076445E-4
3	5.0E-6
2	5.0E-6
2	0.006631794744901451
1	4.2103947056049997E-4
2	0.0012281740791138002
1	6.0144952538984E-4
1	0.0027915729227956008
1	0.00142987047435786
1	5.0E-6
5	5.05971917601E-4
1	5.0E-6
1	5.0E-6
2	5.0E-6
2	5.0E-6
1	5.0E-6
2	5.0E-6
2	6.417514798616999E-4
2	5.0E-6
1	5.0E-6
1	3.72311536197E-4
1	5.0E-6
11	0.0025685894218474997
1	2.5877625492679994E-4
14	0.0034669558988261002
2	5.0E-6
2	3.0928221721745997E-4
1	3.7742256497759995E-4
5	0.0048021270105102
1	3.638330190158499E-4
8	0.00627393377596638
1	2.6562288035480004E-4
2	5.538462220203999E-4
3	0.0010415874910542598
1	5.0E-6
1	8.687986225845998E-4
2	4.2649154318966006E-4
1	8.687986225845998E-4
1	0.0036756955805928005
1	5.0E-6
1	5.0E-6
2	5.0E-6
9	0.0061760309180920025
1	5.0E-6
1	5.0E-6
1	5.0E-6
1	2.541409296052E-4
1	5.0E-6
1	5.0E-6
1	3.152483853755E-4
1	7.714907929497999E-4
2	5.8669227319418E-4
1	5.0E-6
2	3.258843222502E-4
2	5.0E-6
1	0.0020533197230752
1	0.00309861718063843
1	3.172990408662E-4
2	5.0E-6
1	5.0E-6
1	1.9979062368958003E-4
2	5.0E-6
1	5.0E-6
1	5.0E-6
2	2.634463719651E-4
1	0.012638606808001503
1	5.0E-6
2	5.0E-6
1	0.014812780932129782
2	5.0E-6
1	0.0022485506732184803
1	5.0E-6
2	4.2931437568687996E-4
1	0.006068779448976529
1	5.0E-6
1	5.0E-6
1	5.0E-6
1	0.006068779448976529
1	5.0E-6
1	2.816121515945601E-4
1	5.0E-6
1	0.0015239759990249803
1	0.0011727711262071
1	5.0E-6
1	2.8880037055349997E-4
1	0.0013434183726322999
1	5.0E-6
2	4.5484272002917995E-4
1	5.0E-6
1	0.0027872895454151
1	5.0E-6
2	5.0E-6
2	5.0E-6
2	0.00121848511743799
1	2.295912508344E-4
2	5.0E-6
1	5.0E-6
1	5.0E-6
1	0.0019889907261223003
1	0.0097992128888682
2	5.0E-6
1	2.0318718733735997E-4
4	5.0E-6
1	5.0E-6
1	5.0E-6
4	0.0012983269562449999
1	3.042708552781E-4
3	0.00207564806402994
1	0.005445300294692698
4	0.006379655041641309
1	5.0E-6
3	6.0144952538984E-4
1	2.389578159274E-4
1	6.169190824423E-4
1	3.7627823403308E-4
6	5.0E-6
1	0.0010487061440512
1	0.00429202991958575
1	6.0144952538984E-4
2	2.4219038678103993E-4
1	5.0E-6
1	5.0E-6
2	5.0E-6
1	5.0E-6
2	3.1580953476718E-4
1	5.0E-6
1	3.0289147720716E-4
1	5.0E-6
1	5.0E-6
1	3.931141624953999E-4
1	0.00544687733952136
1	5.0E-6
2	8.191390836924603E-4
1	5.0E-6
3	5.433782047194601E-4
1	5.0E-6
3	3.2994980428464004E-4
2	0.0045224045583919705
2	2.4122536558593001E-4
2	0.0037620219923963
1	5.0E-6
5	5.0E-6
10	0.0025188650423117
8	9.607919807375999E-4
2	5.0E-6
1	5.0E-6
2	5.0E-6
1	5.0E-6
1	5.0E-6
5	4.528965261193001E-4
2	5.0E-6
1	5.0E-6
2	5.0E-6
5	5.0E-6
1	5.0E-6
1	0.0034669558988261002
1	5.504271089447002E-4
1	5.0E-6
5	5.0E-6
3	0.0034429392905651994
1	2.469792018398E-4
3	0.00405999663715781
1	5.0E-6
1	5.0E-6
1	5.0E-6
1	0.0014906565265228
3	5.0E-6
1	5.0E-6
5	5.0E-6
1	5.0E-6
1	5.0E-6
1	5.0E-6
1	3.0049577800651995E-4
1	4.7314336256553004E-4
5	5.0E-6
1	5.0E-6
2	0.0022467493020627205
5	0.00185233503022963
3	0.0022953289393707003
2	7.4503214902323E-4
11	5.0E-6
1	5.7207689157081E-4
1	5.0E-6
1	7.8925816574284E-4
1	5.0E-6
1	3.3253337680629004E-4
1	2.404085938564E-4
1	5.0E-6
1	2.404085938564E-4
3	5.0E-6
1	5.0E-6
1	5.0E-6
1	5.0E-6
2	0.0051261865639539
3	5.0E-6
1	4.086676539627999E-4
2	5.0E-6
1	5.0E-6
1	5.0E-6
1	5.0E-6
1	2.8547194796995994E-4
3	0.00158494652931074
1	5.0E-6
2	5.0E-6
4	0.0010723384383427002
2	5.0E-6
1	5.0E-6
2	5.0E-6
1	6.0144952538984E-4
1	5.0E-6
1	5.0E-6
1	5.0E-6
1	7.503560875564E-4
1	5.0E-6
1	2.6790298824129E-4
1	5.0E-6
1	0.004082166862632899
1	2.7353483313E-4
2	0.0011175317434746002
1	5.0E-6
1	5.0E-6
2	2.3915613349141E-4
2	8.0858792472905E-4
1	5.0E-6
1	5.0E-6
1	5.0E-6
1	2.982157572862E-4
1	5.0E-6
1	5.0E-6
1	5.0E-6
2	6.258514657097402E-4
2	8.5039220702318E-4
1	0.00158494652931074
2	4.3181937787308E-4
3	0.004217545278494
1	5.0E-6
1	5.0E-6
2	6.1303611758032E-4
1	5.0E-6
2	5.0E-6
2	1.9177674549478E-4
2	3.2886742657558E-4
1	3.999883399643E-4
1	1.9128746655836E-4
1	3.6901979007728E-4
1	5.2366427704298E-4
1	5.0E-6
2	7.185426538581799E-4
1	5.0E-6
3	0.0021907784000496405
2	5.0E-6
4	6.001331071457001E-4
2	5.0E-6
3	5.0E-6
2	0.00158926459892973
2	5.0E-6
1	2.6300358108909995E-4
1	4.2253127073375E-4
3	5.0E-6
1	4.5880187048210003E-4
1	5.0E-6
1	5.0E-6
1	8.120055000175E-4
3	5.0E-6
1	5.0E-6
7	5.0E-6
1	5.0E-6
1	5.331687750130999E-4
5	5.0E-6
1	7.912750762818599E-4
4	5.0E-6
5	5.0E-6
4	0.0013885902687395004
2	5.0E-6
1	0.00627393377596638
1	2.003126530442E-4
2	0.0037195040229691004
2	5.0E-6
1	5.0E-6
10	0.0023242191621768
2	5.0E-6
1	0.005686026977624769
1	2.399485586537E-4
4	5.0E-6
1	0.0030141523487733804
2	5.0E-6
2	2.8075674665485004E-4
1	4.944581912199999E-4
2	4.3631877694373E-4
1	0.00437748073107819
1	5.0E-6
1	5.5652807610858E-4
1	5.0E-6
2	3.900242571224001E-4
2	5.0E-6
2	5.0E-6
1	5.0E-6
1	5.0E-6
2	5.0E-6
1	5.0E-6
1	5.0E-6
2	5.0E-6
2	4.5484272002917995E-4
5	5.0E-6
1	5.932097849144201E-4
2	3.2299316686417996E-4
2	5.0E-6
1	5.0E-6
3	5.0E-6
1	5.0E-6
5	9.159140683952001E-4
1	5.0E-6
2	3.8802117344613E-4
1	5.749628841713501E-4
1	5.0E-6
1	0.0013060448962098998
1	3.0757633761350003E-4
1	0.0019198496500028302
3	5.0E-6
1	5.0E-6
1	4.7255902208420995E-4
1	5.0E-6
2	7.105649282288397E-4
1	7.117534801239799E-4
2	5.0E-6
1	5.736311341362E-4
1	5.0E-6
1	5.0E-6
2	5.0E-6
1	5.0E-6
3	0.00213305304155563
1	5.6078604675214E-4
1	5.0E-6
1	5.0E-6
1	5.0E-6
1	8.70697740524E-4
1	2.4864697154684E-4
4	0.0023510502709414996
1	0.0010513515098894
1	5.0E-6
1	0.00627393377596638
1	5.0E-6
1	5.0E-6
3	5.0E-6
1	3.8746198488449E-4
1	5.0E-6
1	5.0E-6
1	0.00627393377596638
1	6.190135557926401E-4
3	2.6227371191397996E-4
1	5.0E-6
1	5.0E-6
1	5.0E-6
1	5.0E-6
1	5.0E-6
1	6.8513498421571E-4
1	5.0E-6
2	5.0E-6
15	5.0E-6
1	5.0E-6
3	4.713767648805E-4
1	5.0E-6
1	5.0E-6
1	5.0E-6
1	0.00627393377596638
1	5.0E-6
2	0.0018013828234540001
1	5.0E-6
2	3.1763858812954997E-4
1	5.0E-6
1	5.0E-6
13	5.0E-6
1	1.9323746376126E-4
1	2.4380750854330002E-4
1	4.6120690727749996E-4
2	2.000809359817E-4
1	5.0E-6
1	5.0E-6
2	2.7288666788598E-4
1	5.0E-6
1	0.0015306189299171997
1	0.002936653326875
25	5.0E-6
5	9.213892533195001E-4
4	0.005686026977624769
1	5.0E-6
1	5.0E-6
2	5.0E-6
1	5.213089136591999E-4
1	2.15535275087E-4
1	2.957955194501401E-4
2	0.00555121194548919
1	5.0E-6
7	0.00536621226289333
1	5.0E-6
1	5.0E-6
1	2.5803623769418E-4
3	6.530345185845399E-4
1	5.0E-6
2	5.0E-6
1	0.0034261747626080294
3	8.397944607076301E-4
6	5.0E-6
1	8.180522069244201E-4
1	2.637789627045E-4
2	5.4366090203755E-4
2	3.1333105731587993E-4
2	5.0E-6
1	0.00627393377596638
1	7.775036935019799E-4
1	0.0019167415116131197
1	5.0E-6
14	5.0E-6
1	5.570378054195E-4
1	5.0E-6
1	3.2299316686417996E-4
1	1.9814535802294E-4
14	5.0E-6
1	5.0E-6
1	5.0E-6
4	0.0033090763513234
1	2.2007330144166E-4
1	1.9969194242085001E-4
1	5.0E-6
1	5.0E-6
2	5.0E-6
2	5.0E-6
1	5.0E-6
1	5.0E-6
2	5.0E-6
1	4.3631877694373E-4
2	5.0E-6
1	3.8802117344613E-4
1	5.0E-6
1	2.7288666788598E-4
67	5.0E-6
2	0.0037535976671145992
1	5.0E-6
1	1.9898894525729994E-4
8	5.0E-6
1	5.0E-6
1	5.0E-6
1	5.0E-6
1	2.0913045448978E-4
13	5.0E-6
1	5.0E-6
2	5.0E-6
1	5.0E-6
1	5.0E-6
1	0.00257635633537242
4	5.0E-6
1	5.0E-6
1	2.992764439222E-4
2	5.0E-6
1	5.0E-6
92	0.012160385261538858
15	5.0E-6
3	8.769921981725303E-4
1	5.0E-6
1	5.0E-6
1	5.0E-6
1	5.0E-6
1	3.567405147167E-4
1	0.0034142076819525997
2	5.0E-6
1	5.0E-6
1	5.0E-6
3	5.0E-6
2	5.0E-6
2	5.0E-6
1	0.00158639290593185
3	5.0E-6
1	2.5638592506877997E-4
1	5.0E-6
2	5.0E-6
1	0.0031371554336196996
2	5.0E-6
2	6.163879200378202E-4
1	5.0E-6
2	5.0E-6
1	5.0E-6
5	0.00225855972469226
1	5.0E-6
1	2.1484830777370996E-4
1	5.0E-6
1	5.0E-6
1	0.00102064986990324
1	1.9176604717494001E-4
1	0.006663934758366389
2	5.0E-6
1	2.6500331158433E-4
2	7.020090810994499E-4
1	5.0E-6
1	5.0E-6
1	5.0E-6
1	5.0E-6
2	5.0E-6
2	5.0E-6
6	5.0E-6
1	5.0E-6
1	5.0E-6
8	8.834685291357001E-4
1	4.454650875012E-4
2	9.8224424268518E-4
1	3.04158059434E-4
1	0.0037771192452902805
1	5.0E-6
8	5.7259846703178E-4
7	5.0E-6
1	5.0E-6
3	4.6075695951547E-4
1	5.0E-6
5	5.0E-6
2	5.0E-6
1	5.0E-6
1	5.0E-6
1	2.406019832378E-4
2	3.098052591981E-4
2	6.063980121127999E-4
1	3.386979332189E-4
3	3.8051048075878E-4
2	5.593798419880999E-4
4	5.0E-6
3	4.1506808101859997E-4
6	5.0E-6
2	5.0E-6
52	0.007309424233063001
1	9.466055002424602E-4
1	5.0E-6
2	5.0E-6
15	5.0E-6
1	0.003986317680016
1	5.0E-6
1	2.6227371191397996E-4
1	5.557518884354E-4
1	5.236379943015E-4
2	7.644038337632E-4
1	5.0E-6
1	5.0E-6
1	5.0E-6
4	5.0E-6
2	5.0E-6
2	5.0E-6
1	5.0E-6
20	5.0E-6
34	5.0E-6
1	5.0E-6
10	5.0E-6
1	9.607055211797002E-4
1	5.0E-6
1	5.0E-6
1	2.9734688199915994E-4
2	0.0018552089087544
1	0.0038737163641730803
18	5.0E-6
1	5.0E-6
2	5.0E-6
2	0.006855200706628301
1	5.0E-6
1	5.7259846703178E-4
1	5.0E-6
1	5.0E-6
1	3.0613968556410004E-4
2	5.462105552258E-4
1	5.0E-6
1	5.0E-6
1	5.0E-6
3	5.3006223237272E-4
2	5.0E-6
1	0.006397174473205601
3	9.137487543636903E-4
1	5.0E-6
1	5.0E-6
12	3.3359573948578E-4
1	0.0010418802431481002
1	0.0044332904250114005
1	2.8364303849889996E-4
1	5.0E-6
2	4.5484272002917995E-4
2	0.0061923942868303185
1	0.006068779448976529
1	5.0E-6
1	5.0E-6
1	5.0E-6
1	5.0E-6
1	5.0E-6
1	5.0E-6
1	2.8242983545409995E-4
1	5.0E-6
1	5.0E-6
1	8.191390836924603E-4
2	5.0E-6
1	5.0189812048398E-4
2	4.4993562970868E-4
1	5.0E-6
1	5.499412290752999E-4
1	5.0E-6
1	0.0016370628150712
2	5.0E-6
1	0.0038967136219027997
1	5.0E-6
1	5.0E-6
1	5.0E-6
1	5.0E-6
1	2.298486269251E-4
1	3.163241255693E-4
1	5.0E-6
9	0.01093952261548841
1	5.0E-6
2	5.0E-6
1	0.0034669558988261002
2	3.9665527837450004E-4
1	0.012638606808001503
1	5.0E-6
1	5.0E-6
1	5.0E-6
1	5.0E-6
1	5.0E-6
3	8.191390836924603E-4
1	2.8547194796995994E-4
1	7.071500298018999E-4
1	2.6212131362997993E-4
5	5.0E-6
2	4.7774890987015996E-4
2	5.0E-6
2	0.005439677288064489
1	7.415786553943799E-4
1	0.00155003795820232
1	2.4146094886528E-4
2	0.006305969547834
1	0.00627393377596638
2	3.3788836128349997E-4
1	2.117971609403E-4
1	0.0041064408833432
1	2.0106859556558003E-4
38	5.0E-6
1	5.0E-6
1	9.302020771965801E-4
3	4.9659286857073E-4
3	5.0E-6
1	2.0126285236150002E-4
1	5.0E-6
2	2.3840248296460003E-4
1	5.0E-6
1	9.046751819399001E-4
1	5.0E-6
1	6.28333016151E-4
9	0.004098820799367299
2	5.0E-6
1	5.0E-6
1	0.003631209014235921
1	0.005988011797487479
4	5.0E-6
1	5.0E-6
3	0.006068779448976529
2	3.464939424067E-4
2	5.0E-6
4	5.0E-6
1	3.810463954705E-4
1	5.0E-6
25	5.0E-6
4	5.0E-6
1	2.0258512850238001E-4
5	5.0E-6
2	5.0E-6
1	3.3370282554398E-4
1	5.0E-6
3	4.3751399596501006E-4
1	0.00248750040500848
1	5.0E-6
1	5.0E-6
1	0.0012687239851272
1	5.0E-6
2	5.0E-6
1	0.00131857308205936
1	2.6494738064562E-4
3	5.0E-6
2	5.0E-6
2	5.0E-6
2	6.5786883780452E-4
1	5.0E-6
5	0.00198533734275719
1	5.0E-6
1	5.0E-6
1	5.0E-6
3	5.459260431976E-4
1	5.0E-6
1	5.0E-6
2	5.0E-6
1	2.233331293018E-4
1	2.76590482024E-4
5	0.0044733139214676605
1	5.0E-6
1	5.0E-6
1	4.086861484775E-4
2	5.0E-6
1	0.0025329127078593805
1	5.0E-6
1	5.0E-6
2	5.0E-6
1	5.0E-6
3	0.0028774275145103
1	5.0E-6
1	5.0E-6
2	5.0E-6
1	5.0E-6
1	5.0E-6
2	6.789736171995599E-4
2	5.0E-6
40	5.0E-6
1	0.0066849306989761005
1	5.0E-6
1	5.0E-6
1	3.083540615591401E-4
1	5.0E-6
1	5.0E-6
1	0.0038499678938363996
14	5.0E-6
1	3.4350152899509997E-4
2	0.0037771192452902805
2	4.4194120315817995E-4
3	8.299640317872E-4
1	2.6343432036397997E-4
2	4.3286359842518E-4
1	5.0E-6
1	0.00106668137037138
2	0.0018462823726381398
1	5.0E-6
2	5.0E-6
1	5.0E-6
1	5.0E-6
1	0.0037771192452902805
5	5.0E-6
1	5.0E-6
3	0.00423892920675966
1	5.0E-6
1	7.225338386083E-4
1	8.470016745396E-4
1	5.0E-6
1	5.0E-6
1	5.894148041769899E-4
1	1.9177674549478E-4
1	6.0434107136388E-4
1	4.3294807564287993E-4
2	5.0E-6
2	2.9734688199915994E-4
1	5.0E-6
1	5.0E-6
1	5.0E-6
1	0.00627393377596638
1	2.454122456276E-4
3	5.0E-6
8	3.936262099051E-4
1	0.0010548014532429603
1	0.00627393377596638
2	3.4107560549107995E-4
1	5.872990340224E-4
1	5.0E-6
1	5.0E-6
2	0.00122028841391572
1	9.8645328144257E-4
3	8.143856515747301E-4
3	8.157033855013198E-4
3	0.00100805613900312
1	0.0014210587403444802
7	3.4781441358533997E-4
1	5.0E-6
1	0.0014210587403444802
1	7.559549458078299E-4
1	5.0E-6
4	7.559549458078299E-4
1	3.2112010289059995E-4
1	5.0E-6
1	5.0E-6
1	5.0E-6
2	3.144348519257E-4
1	5.0E-6
1	3.3589858233636007E-4
4	9.183139004862E-4
2	5.0E-6
1	5.0E-6
1	5.0E-6
2	0.00627393377596638
3	8.0523652800726E-4
5	0.0014556024350206999
1	5.0E-6
1	2.5786000561589994E-4
2	8.820741416785E-4
2	4.913069885276E-4
1	5.0E-6
1	5.0E-6
1	0.00248750040500848
3	0.0033411788527582193
5	5.0E-6
2	0.0028998483532156
4	5.0E-6
1	4.6591560471798E-4
12	0.006379655041641309
5	0.0018691185401480302
1	0.0010579757292748001
1	0.00108545706025162
2	5.0E-6
2	0.00162104760598088
1	5.0E-6
1	5.0E-6
1	0.0015073868389505305
1	9.733238867784999E-4
5	0.00115521265266623
2	5.0E-6
6	7.185458058932802E-4
1	3.134620791569E-4
2	0.00145183347649448
1	5.0E-6
1	5.0E-6
2	5.0E-6
1	5.0E-6
1	5.0E-6
4	5.0E-6
2	5.0E-6
1	5.0E-6
1	5.0E-6
1	0.0027071670430235
1	6.684120670461401E-4
1	5.0E-6
4	0.0018958771920764
1	5.0E-6
1	5.0E-6
1	5.0E-6
3	0.00108226063076481
1	4.8607381006819997E-4
2	0.0049591403897101
1	5.0E-6
2	5.0E-6
4	5.0E-6
3	5.0E-6
1	0.0024978522642413402
23	5.0E-6
1	5.0E-6
2	3.1511978694200005E-4
10	5.0E-6
103	5.0E-6
2	2.6324997590789997E-4
2	8.6439458452636E-4
1	4.805958395999099E-4
2	5.0E-6
1	3.8577821063630005E-4
1	5.0E-6
1	4.4454777754856004E-4
1	2.770581446438E-4
2	0.0020474682721558
1	0.0020985611772362
