3	5.0E-6
1	0.0012148741028353415
1	2.936531076172949E-5
1	2.507950542595626E-4
2	5.0E-6
1	9.861269008070311E-5
1	5.0E-6
1	2.1352012257255088E-4
1	6.813534700467122E-4
1	3.485892238305869E-5
1	6.54515908208524E-5
2	5.0E-6
3	5.0E-6
2	0.001415717345136447
2	5.0E-6
1	2.2326178775686315E-4
1	5.0E-6
1	5.0E-6
1	5.0E-6
2	5.075255526006898E-6
1	5.0E-6
1	2.2271545198843603E-4
22	5.0E-6
1	5.0E-6
4	5.0E-6
2	5.0E-6
1	0.006817106083135645
1	5.519389270287172E-4
1	1.4908656357089603E-5
2	5.0E-6
1	5.0E-6
3	5.0E-6
2	5.0E-6
3	5.0E-6
1	5.0E-6
5	5.0E-6
3	5.0E-6
2	5.0E-6
1	5.0E-6
7	2.8475371861059402E-5
2	1.4563494822150802E-4
3	5.0E-6
1	0.0010006885586683755
1	5.0E-6
9	5.0E-6
1	1.2573824857540003E-6
18	5.0E-6
1	5.0E-6
1	5.0E-6
14	5.0E-6
2	5.0E-6
1	5.0E-6
5	5.0E-6
50	1.4539277533313995E-6
10	5.0E-6
1	5.0E-6
2	5.0E-6
1	2.99699971766629E-5
2	5.0E-6
1	5.519389270287172E-4
2	5.0E-6
5	3.658598243991926E-4
2	5.25977124930228E-4
1	5.0E-6
1	0.006570823936948016
2	0.00125055821659247
2	6.967404722742493E-5
1	3.267651686553399E-6
2	6.738494601946699E-6
3	5.0E-6
114	5.0E-6
2	5.0E-6
7	5.0E-6
1	5.0E-6
1	5.0E-6
7	5.0E-6
1	5.0E-6
5	3.596105139686152E-4
1	1.2607797492384003E-5
2	1.3582431077944E-5
1	6.114521691853616E-4
1	0.004166702291759169
5	5.0E-6
2	3.160167598689655E-4
1	5.0E-6
1	0.006454101520947803
4	5.0E-6
2	8.02624811807341E-5
1	5.0E-6
1	5.0E-6
1	4.0855621338030786E-4
1	5.0E-6
1	2.7747360149816197E-4
1	5.0E-6
2	4.7166941797004006E-5
2	5.0E-6
2	2.678953078643268E-4
1	5.0E-6
1	5.0E-6
1	5.0E-6
1	5.0907280863951E-5
1	1.0239508273624706E-5
1	5.0E-6
1	3.1164901730955004E-6
1	5.0E-6
1	1.8726933537683614E-4
1	2.2475116605451005E-6
2	6.617464471961501E-6
1	5.0E-6
1	5.075255526006898E-6
1	5.0E-6
8	1.7094487359894204E-4
2	0.009367291958814288
3	1.4777000851531E-6
1	5.0E-6
2	5.0E-6
1	0.0012566220371616685
2	5.0E-6
1	0.00837113787541887
1	5.0E-6
2	3.7235808278171994E-6
1	0.0022025368252751665
1	5.0E-6
13	2.2847339990308998E-5
1	5.0E-6
2	7.239160713624004E-4
1	1.1964328941709001E-6
2	5.0E-6
3	5.0E-6
2	0.0020462935479710442
1	0.0014451476654699735
2	5.0E-6
1	5.0E-6
1	1.1020033014557701E-5
1	0.004988378461641364
1	2.7058071274986997E-6
1	5.0E-6
1	5.0E-6
1	5.0E-6
1	2.958005867901301E-5
2	5.0E-6
2	5.0E-6
1	2.0832314910651303E-4
1	5.0E-6
5	5.0E-6
1	1.0861511488609998E-6
1	1.0382832312277E-6
3	1.1882680090885501E-5
6	5.0E-6
1	5.0E-6
2	1.3978056780838402E-4
1	7.875733339567897E-6
1	1.20620438498843E-4
1	4.07732453128189E-5
1	3.398253316770697E-4
12	5.0E-6
1	5.0E-6
1	5.0E-6
2	8.132066747869382E-4
2	5.0E-6
2	5.0E-6
2	6.671766430643822E-4
2	5.0E-6
1	5.0E-6
2	5.0E-6
1	5.879460574547164E-4
1	5.0E-6
1	5.729895644221099E-6
1	3.64654635201131E-4
2	5.0E-6
2	6.870071111715083E-4
2	4.7268913143929E-5
1	5.0E-6
1	9.307315986107431E-4
1	5.31159618329644E-4
6	5.0E-6
1	5.0E-6
1	8.0229439193237E-5
4	2.1352012257255088E-4
2	5.0E-6
1	2.2650179036648292E-4
1	5.0E-6
1	2.0575549687955804E-4
2	5.0E-6
2	2.1283291486929198E-5
1	2.1670438866632E-6
1	5.0E-6
1	5.519389270287172E-4
2	8.484155965378021E-5
1	1.99343961562265E-4
3	5.0E-6
10	5.0E-6
2	5.0E-6
2	5.5760728017623E-6
3	1.1235119507348201E-4
1	1.8128169784046E-5
1	9.39859445039435E-5
7	5.977334574833029E-4
2	5.0E-6
1	2.6178984823387806E-4
1	5.0E-6
1	5.0E-6
1	5.0E-6
1	1.5631366916069E-6
1	5.0E-6
2	5.004261538370189E-4
2	1.0122678916056697E-5
1	4.4008106851552105E-5
3	5.0E-6
2	1.93388579489328E-5
1	1.8140318796069436E-4
2	5.0E-6
1	5.0E-6
1	1.4706709564776004E-6
1	1.4030794910565998E-6
1	5.9391253764318404E-5
1	0.0026912250755832326
1	5.0E-6
1	5.0E-6
1	5.0E-6
2	1.3617849624923E-6
1	1.0336843037141698E-5
1	1.2860836798417998E-6
1	5.0E-6
1	5.0E-6
6	5.101632743921417E-4
1	0.006636990440843564
2	5.0E-6
1	5.0E-6
4	9.287660155378757E-4
1	6.049773453530661E-5
2	1.0972898224454918E-4
2	5.0E-6
2	1.1797327440404006E-6
4	5.0E-6
4	0.00226842644112495
1	2.2017287149974008E-5
2	1.3543828637760998E-6
1	5.0E-6
3	1.4757232255545E-5
3	6.83396854582961E-4
1	4.45976778121808E-4
2	3.0005927632682E-6
2	8.367018505927313E-4
1	6.26909351167893E-5
2	5.0E-6
1	6.049773453530661E-5
1	5.0E-6
2	5.0E-6
1	1.40055926645024E-5
1	4.759582621278199E-6
1	1.3845834598357002E-6
2	4.679460546160231E-5
2	5.0E-6
3	5.0E-6
1	5.0E-6
2	5.69483975433431E-5
2	5.0E-6
2	1.2823721779121503E-6
1	0.00226842644112495
1	5.0E-6
1	5.0E-6
5	5.0E-6
2	4.64269707751403E-5
1	4.7691116922808E-5
1	8.504227335848899E-5
3	5.0E-6
1	0.008022646339389898
1	5.0E-6
2	6.21827159843E-5
6	5.0E-6
1	5.0E-6
1	3.658598243991926E-4
1	2.584983866944673E-4
1	1.5172164546301496E-6
1	5.0E-6
1	5.0E-6
5	5.0E-6
1	1.4998935884869E-6
1	4.09750664490087E-4
3	5.0E-6
2	5.0E-6
2	2.694747880287091E-4
1	5.0E-6
2	0.0016493609577735288
1	0.002833006378532808
1	2.731431214501821E-4
1	6.83396854582961E-4
1	5.0E-6
5	8.92957442177027E-4
1	4.840243618122501E-6
1	5.0E-6
2	1.4896331837344998E-6
2	5.0E-6
1	5.0E-6
2	5.0E-6
2	1.413113337824501E-4
2	5.0E-6
1	5.0E-6
1	1.9614807330098499E-4
1	5.0E-6
11	5.421336280931451E-4
1	4.83663481145632E-4
14	8.225970761229098E-6
2	5.0E-6
2	5.1624856519254E-6
1	4.0910027135281193E-4
5	1.5880984904086695E-4
1	0.0017596639416458462
8	0.00226842644112495
1	6.149487561586999E-6
2	3.4197987442474405E-4
3	3.67515287793929E-4
1	5.0E-6
1	0.001415717345136447
2	2.06422841601388E-5
1	0.001415717345136447
1	5.0E-6
1	5.0E-6
1	5.0E-6
2	5.0E-6
9	2.50629176560448E-4
1	5.0E-6
1	5.0E-6
1	5.0E-6
1	9.270710977635E-6
1	5.0E-6
1	5.0E-6
1	3.1961625196319997E-6
1	8.476920266219021E-4
2	1.505630910066E-6
1	5.0E-6
2	5.5181431599284E-5
2	5.0E-6
1	7.774749002458399E-5
1	9.193492718897522E-4
1	2.454008302473E-5
2	5.0E-6
1	1.2186196870724599E-5
1	1.9859217466635507E-4
2	5.0E-6
1	5.4763295732666E-6
1	5.0E-6
2	1.6651194625256002E-4
1	3.3194408675847E-5
1	5.0E-6
2	5.0E-6
1	2.2921510489326002E-5
2	2.3123889169970002E-6
1	1.5128431369869152E-4
1	5.0E-6
2	5.0E-6
1	3.0309308250658198E-5
1	5.0E-6
1	1.1797327440404006E-6
1	9.495274961496898E-6
1	3.0309308250658198E-5
1	5.0E-6
1	0.001394206036102939
1	5.0E-6
1	7.373670278684689E-4
1	5.86291885961341E-4
1	5.0E-6
1	3.230128285213179E-4
1	3.802856742706164E-4
1	5.0E-6
2	2.3267447943050578E-4
1	5.0E-6
1	5.6569261472671985E-5
1	1.1463679103467598E-5
2	5.0E-6
2	1.9715451765829997E-6
2	0.003340928012985438
1	3.09001526894308E-5
2	5.0E-6
1	6.052524777361301E-4
1	5.0E-6
1	1.3518133065164998E-5
1	5.319240679311913E-4
2	5.0E-6
1	1.1209962263077612E-4
4	5.0E-6
1	5.0E-6
1	2.3002183155672171E-4
4	0.0014305010304099662
1	5.920807599058415E-4
3	2.792250127240155E-4
1	0.011431987403064003
4	0.008505613047509235
1	5.0E-6
3	0.002833006378532808
1	3.5803869692169995E-5
1	0.0018005076959469013
1	6.956446050922145E-4
6	5.0E-6
1	1.5432848200431598E-4
1	7.1513076372925E-5
1	0.002833006378532808
2	2.5753428026793403E-5
1	5.0E-6
1	3.144249047074699E-6
2	5.0E-6
1	5.0E-6
2	2.285195830234104E-4
1	5.0E-6
1	5.4464675272393496E-5
1	6.903457049549797E-5
1	1.2348191502596002E-6
1	4.39867702713718E-5
1	9.555658770624178E-5
1	3.5128854952552906E-5
2	7.7860264747962E-6
1	5.0E-6
3	8.9377196561063E-6
1	4.214285988225979E-5
3	6.119286243853261E-5
2	6.967404722742493E-5
2	6.498530423691087E-4
2	2.607358406135E-6
1	5.0E-6
5	5.0E-6
10	5.0E-6
8	2.8161002499429996E-6
2	5.0E-6
1	5.0E-6
2	5.0E-6
1	5.0E-6
1	5.0E-6
5	3.0952134768042006E-5
2	5.0E-6
1	5.0E-6
2	5.0E-6
5	5.0E-6
1	2.712001012740483E-4
1	8.225970761229098E-6
1	4.9850089676453504E-5
1	5.0E-6
5	5.0E-6
3	6.893279369053E-6
1	1.4220963172015998E-5
3	7.161935982594701E-6
1	5.0E-6
1	5.519389270287172E-4
1	5.519389270287172E-4
1	1.4120478695471198E-4
3	5.0E-6
1	5.0E-6
5	5.0E-6
1	5.0E-6
1	2.3703769026738995E-6
1	5.0E-6
1	1.0228544595059949E-4
1	1.092593330530758E-4
5	5.0E-6
1	1.2233512408592E-6
2	5.28037920569775E-4
5	8.81045582226427E-5
3	0.0023041284250814773
2	1.476614592641579E-4
11	5.0E-6
1	1.0755409309095341E-4
1	1.906161741606E-6
1	7.258123375593126E-4
1	5.0E-6
1	2.3808750007790702E-5
1	3.7631290054686436E-4
1	5.0E-6
1	3.7631290054686436E-4
3	5.0E-6
1	5.0E-6
1	5.0E-6
1	5.0E-6
2	0.004257915598567887
3	5.0E-6
1	6.676568373866002E-6
2	1.6106074843872803E-5
1	5.0E-6
1	2.5576924485033002E-5
1	5.0E-6
1	3.3793993802776933E-4
3	1.2705335139131001E-6
1	5.0E-6
2	1.6457456424071783E-4
4	2.6550827719686807E-4
2	5.0E-6
1	5.0E-6
2	5.0E-6
1	0.002833006378532808
1	5.0E-6
1	5.0E-6
1	5.0E-6
1	5.346283586276562E-4
1	5.0E-6
1	2.3817770748613603E-5
1	5.0E-6
1	4.3478232372906005E-5
1	8.392800321012599E-5
2	1.8790628749988422E-4
1	1.6931414767919504E-5
1	5.0E-6
2	1.4901079628176634E-4
2	0.0013245493067463446
1	5.0E-6
1	5.0E-6
1	5.0E-6
1	3.413566203735851E-5
1	1.619870264236159E-5
1	5.0E-6
1	5.0E-6
2	4.40368938397558E-5
2	6.5781051196139E-6
1	1.2705335139131001E-6
2	0.0011186278596880647
3	0.0014484837327418338
1	5.0E-6
1	5.0E-6
2	0.0012990419982525933
1	1.2668792900133E-6
2	5.0E-6
2	1.9040719931067267E-4
2	3.393542107271643E-4
1	2.4543747833789992E-6
1	1.4911917690234103E-5
1	0.0015529494753726602
1	2.626681417541677E-4
1	5.0E-6
2	2.084180322248579E-4
1	5.0E-6
3	4.707032165744121E-4
2	2.4312330493045603E-5
4	5.325009270565999E-6
2	5.0E-6
3	5.519389270287172E-4
2	1.6766969603766202E-5
2	5.0E-6
1	1.2474896408792401E-4
1	9.914166165366439E-5
3	5.0E-6
1	4.84110149734068E-4
1	5.0E-6
1	5.0E-6
1	8.639037850268001E-6
3	5.0E-6
1	5.0E-6
7	5.0E-6
1	5.0E-6
1	1.6090205244491001E-6
5	5.0E-6
1	0.0012415165229913549
4	5.0E-6
5	5.0E-6
4	0.004287482749195378
2	9.900480058632918E-5
1	0.00226842644112495
1	2.5738449678791108E-5
2	0.0022908876071137487
2	5.0E-6
1	5.0E-6
10	5.0E-6
2	5.0E-6
1	4.966954485660751E-5
1	6.980958287248898E-5
4	5.0E-6
1	3.658598243991926E-4
2	4.1476362534463557E-4
2	1.5644379409591098E-5
1	5.0E-6
2	2.0471021348479E-6
1	0.005474500220948756
1	1.6180658808905003E-6
1	1.8360461580664344E-4
1	5.0E-6
2	1.7209733254620104E-4
2	5.0E-6
2	5.0E-6
1	5.0E-6
1	5.0E-6
2	2.339856259483619E-4
1	5.0E-6
1	2.3020941063460993E-6
2	5.436745636127299E-5
2	9.910096090320581E-5
5	5.0E-6
1	5.0E-6
2	2.6220113372885396E-5
2	5.0E-6
1	1.7454660643018206E-5
3	5.0E-6
1	5.0E-6
5	2.530523884690721E-4
1	6.82581174807391E-5
2	2.750102440343529E-5
1	4.9643689208930594E-5
1	3.553884449654834E-4
1	0.0010623565467716705
1	1.3686804159879126E-4
1	0.0013109108430923977
3	5.0E-6
1	5.0E-6
1	2.1411687066795037E-4
1	5.0E-6
2	2.2516290346905998E-6
1	1.2204630675464997E-6
2	5.0E-6
1	5.0E-6
1	5.0E-6
1	5.0E-6
2	5.0E-6
1	5.0E-6
3	5.537039986869399E-6
1	1.6007806440164148E-4
1	5.073248468920249E-4
1	5.0E-6
1	5.0E-6
1	6.9559377332128E-6
1	1.4681155032350004E-5
4	2.1611133851730998E-6
1	5.0E-6
1	5.0E-6
1	1.6997177380026004E-6
1	5.0E-6
1	5.0E-6
3	5.0E-6
1	3.2394595891168537E-4
1	5.0E-6
1	3.4130512651652764E-4
1	0.00226842644112495
1	2.2831167765689004E-6
3	9.147429727413576E-4
1	5.519389270287172E-4
1	5.0E-6
1	5.519389270287172E-4
1	1.5562140200060002E-6
1	5.0E-6
1	5.9839617836979015E-6
1	1.4728291578619002E-6
2	1.2564664673006003E-6
15	5.0E-6
1	1.2291125491832E-6
3	7.46630681409346E-5
1	5.0E-6
1	5.0E-6
1	1.3649796476142905E-4
1	0.00226842644112495
1	5.0E-6
2	5.0E-6
1	5.0E-6
2	1.091288533118837E-4
1	5.0E-6
1	5.0E-6
13	5.0E-6
1	6.055582512258462E-4
1	1.1790019645303E-6
1	1.9934360452590003E-6
2	3.509293488312201E-5
1	5.0E-6
1	5.0E-6
2	1.3792534257073567E-4
1	2.2994716533229804E-5
1	0.0011052743393817066
1	3.68875373522639E-5
25	5.0E-6
5	4.5178012572202593E-4
4	4.966954485660751E-5
1	5.0E-6
1	5.0E-6
2	5.0E-6
1	4.6721223465393804E-4
1	5.0E-6
1	1.6298599670721998E-6
2	6.65626770347142E-5
1	5.0E-6
7	0.003499955754746499
1	5.9391253764318404E-5
1	1.0565453573996827E-4
1	2.8288191875185602E-5
3	0.0016806655138286363
1	1.5827959440400003E-6
2	8.92631208340232E-5
1	8.324914264914258E-4
3	4.064116088303199E-6
6	5.0E-6
1	4.889138952013711E-4
1	2.516192635714109E-4
2	3.317739753163539E-4
2	1.414787978456627E-4
2	5.0E-6
1	0.00226842644112495
1	3.679967528412721E-5
1	9.110120212395583E-4
1	5.0E-6
14	5.0E-6
1	5.292427794227601E-6
1	5.0E-6
1	7.013192910875063E-5
1	3.0762635029252694E-5
14	5.0E-6
1	5.0E-6
1	5.0E-6
4	6.401475046326001E-6
1	2.3196259838663897E-5
1	8.578151109994691E-4
1	5.0E-6
1	1.4216145176347999E-6
2	5.0E-6
2	5.0E-6
1	3.5469949278805E-6
1	5.0E-6
2	5.0E-6
1	2.0471021348479E-6
2	5.0E-6
1	2.750102440343529E-5
1	5.0E-6
1	6.14575879881204E-5
67	5.0E-6
2	9.5385664193584E-5
1	5.280977185304601E-6
1	1.0071115859336E-5
8	5.0E-6
1	5.0E-6
1	5.0E-6
1	5.0E-6
1	0.0015385848667492932
13	5.0E-6
1	5.0E-6
2	5.0E-6
1	5.0E-6
1	7.6219300514481995E-6
1	0.003896561488143349
4	5.0E-6
1	3.9684265912117603E-5
1	6.535312731503227E-4
2	5.0E-6
1	2.339856259483619E-4
92	1.928867029142674E-4
15	5.0E-6
3	4.7426252850261904E-5
1	5.0E-6
1	5.0E-6
1	2.5576924485033002E-5
1	5.519389270287172E-4
1	5.0E-6
1	3.596105139686152E-4
2	6.653922593554E-5
1	5.0E-6
1	5.0E-6
3	5.0E-6
2	1.2443283743650002E-6
2	5.0E-6
1	4.62357919795422E-5
3	5.0E-6
1	8.718502469084998E-5
1	6.0820355497091E-6
2	5.0E-6
1	1.6861357084700003E-6
2	5.0E-6
2	5.0E-6
1	5.0E-6
2	5.0E-6
1	5.0E-6
5	8.282406940298692E-4
1	5.0E-6
1	3.1073811837236E-5
1	5.0E-6
1	8.350347089981634E-5
1	0.001222194503642713
1	1.7823362914175822E-4
1	0.00271179505500891
2	5.0E-6
1	8.651822941665017E-5
2	0.0035212664531002504
1	2.6594356431707997E-5
1	5.0E-6
1	5.0E-6
1	5.0E-6
2	5.0E-6
2	5.0E-6
6	5.0E-6
1	5.0E-6
1	2.413162364767226E-4
8	2.6725889371576E-6
1	5.0E-6
2	5.0E-6
1	2.6477751998165E-5
1	0.006570823936948016
1	5.0E-6
8	4.254411012659726E-4
7	5.0E-6
1	5.0E-6
3	7.851709743361675E-4
1	1.2039591172787E-6
5	5.0E-6
2	5.0E-6
1	5.0E-6
1	5.0E-6
1	5.0E-6
2	9.202597671203E-6
2	2.4938254740789007E-5
1	5.2201675409516E-5
3	2.432312386722889E-4
2	5.0E-6
4	5.0E-6
3	9.50552083697451E-4
6	5.0E-6
2	5.0E-6
52	1.3006747748417998E-6
1	2.781767187999552E-4
1	5.7643070398630796E-5
2	5.0E-6
15	5.0E-6
1	0.0028033354412795113
1	5.0E-6
1	9.147429727413576E-4
1	6.36781255831126E-5
1	4.30702916207855E-4
2	2.0657194350948006E-4
1	5.0E-6
1	5.0E-6
1	5.0E-6
4	5.0E-6
2	4.526525052467001E-6
2	5.0E-6
1	5.0E-6
20	5.0E-6
34	5.0E-6
1	5.0E-6
10	5.0E-6
1	4.0558259578933105E-4
1	5.0E-6
1	5.0E-6
1	3.4843302485768013E-6
2	0.0019928860492194633
1	2.1352012257255088E-4
18	5.0E-6
1	5.0E-6
2	5.0E-6
2	7.364553136062369E-5
1	5.0E-6
1	4.254411012659726E-4
1	5.0E-6
1	2.2017287149974008E-5
1	5.0E-6
2	1.1321024775623459E-4
1	5.0E-6
1	5.0E-6
1	5.0E-6
3	2.8152817224577005E-6
2	5.0E-6
1	2.6024593879785146E-4
3	7.016916471899502E-6
1	1.4477582258519999E-6
1	5.0E-6
12	6.989597880440231E-4
1	2.7826753477020005E-5
1	0.001172809405259968
1	2.1882104640259494E-4
1	5.0E-6
2	4.46302867733391E-5
2	5.5957121271007606E-5
1	3.0309308250658198E-5
1	5.0E-6
1	5.0E-6
1	6.052524777361301E-4
1	5.0E-6
1	1.1315288894422298E-5
1	5.0E-6
1	1.1967537230172098E-4
1	5.0E-6
1	5.0E-6
1	5.0E-6
2	1.4182555013349004E-5
1	1.0972898224454918E-4
2	7.354545609303141E-4
1	5.0E-6
1	1.8184129053739E-6
1	5.0E-6
1	0.0012788171505212608
2	5.0E-6
1	0.0023919815480740723
1	5.0E-6
1	5.0E-6
1	5.0E-6
1	1.4391285714688E-6
1	6.640825497769097E-4
1	5.0E-6
1	5.0E-6
9	4.5143384637168465E-4
1	5.0E-6
2	5.0E-6
1	8.225970761229098E-6
2	2.8109832572441193E-4
1	3.3194408675847E-5
1	5.0E-6
1	5.0E-6
1	5.0E-6
1	5.0E-6
1	2.413162364767226E-4
3	5.0E-6
1	3.3793993802776933E-4
1	0.0011159017379960097
1	4.06971245629023E-5
5	5.0E-6
2	4.184103566793571E-4
2	1.42615249386789E-4
2	0.01943826726091158
1	0.001590603361765666
1	0.0026141924131835295
1	2.7293425312669686E-4
2	0.018489206850743595
1	0.00226842644112495
2	1.4777000851531E-6
1	3.1242524363779485E-4
1	0.005539628194896681
1	3.4860208747187404E-5
38	5.0E-6
1	1.1315288894422298E-5
1	0.0018005689345831166
3	2.843714881718464E-4
3	5.0E-6
1	4.5111031057140096E-4
1	5.0E-6
2	9.928578679465056E-5
1	5.0E-6
1	4.4680012263089996E-6
1	5.0E-6
1	4.956230633136994E-4
9	0.0010901844933195492
2	2.0699561445784E-6
1	5.0E-6
1	0.0025462853765602007
1	0.002671421808101235
4	5.0E-6
1	9.877719776086E-6
3	3.0309308250658198E-5
2	5.0E-6
2	5.0E-6
4	5.0E-6
1	5.0E-6
1	5.0E-6
25	5.0E-6
4	5.0E-6
1	6.867507744406879E-4
5	5.0E-6
2	5.0E-6
1	7.883873423303341E-5
1	2.235060860629503E-4
3	1.334511698529089E-4
1	0.0017549881485179114
1	1.8508815572878E-6
1	5.0E-6
1	0.0020951111890659367
1	5.0E-6
2	8.103656284945898E-6
1	3.7121243303878895E-5
1	2.895871782059996E-4
3	5.0E-6
2	3.29669157570613E-5
2	5.0E-6
2	9.869290564493002E-6
1	5.0E-6
5	7.988566020159012E-4
1	5.0E-6
1	5.0E-6
1	5.0E-6
3	6.576023332604421E-4
1	5.0E-6
1	1.3619594628075897E-5
2	8.457809029603399E-5
1	7.093407855879E-6
1	2.9361321159005095E-4
5	7.484290284949231E-5
1	1.1032334658585001E-6
1	5.0E-6
1	5.0E-6
2	5.0E-6
1	3.281279116180523E-4
1	5.0E-6
1	5.0E-6
2	5.0E-6
1	2.76414491936551E-5
3	7.172842227125001E-6
1	5.0E-6
1	5.0E-6
2	5.0E-6
1	5.0E-6
1	5.0E-6
2	1.33675698390095E-4
2	7.211282893614399E-5
40	5.0E-6
1	0.00113321768750136
1	5.0E-6
1	5.0E-6
1	1.0593069728967498E-6
1	2.4911459049094998E-6
1	5.0E-6
1	0.004207876095993818
14	5.0E-6
1	2.524438280437687E-4
2	0.006570823936948016
2	5.0E-6
3	8.897131586326001E-6
1	5.98639062148634E-5
2	5.0E-6
1	5.0E-6
1	1.5142614718767803E-4
2	6.666110829500602E-4
1	5.0E-6
2	5.0E-6
1	5.0E-6
1	5.0E-6
1	0.006570823936948016
5	5.0E-6
1	5.0E-6
3	5.0E-6
1	5.0E-6
1	1.5768824561484962E-4
1	9.034442677268681E-4
1	5.0E-6
1	5.0E-6
1	5.0E-6
1	2.8998079172329837E-4
1	5.0E-6
1	6.483970446642202E-6
2	5.9391253764318404E-5
2	3.4843302485768013E-6
1	5.0E-6
1	5.0E-6
1	5.0E-6
1	0.00226842644112495
1	1.267327320635085E-4
3	5.0E-6
8	5.073518744812141E-4
1	1.537136708510018E-4
1	0.00226842644112495
2	3.3516796701834434E-4
1	5.0E-6
1	5.000980944356699E-5
1	5.0E-6
2	4.680029712978869E-4
1	0.0023514401901538573
3	6.99021942645262E-5
3	5.0E-6
3	8.933204606309594E-6
1	5.266537547600573E-4
7	3.8598236137490196E-5
1	5.0E-6
1	5.266537547600573E-4
1	1.3190051179723356E-4
1	5.788272122748002E-6
4	1.3190051179723356E-4
1	9.83046906215805E-4
1	5.0E-6
1	5.0E-6
1	5.0E-6
2	5.7610350338048996E-5
1	5.0E-6
1	1.1091638924802101E-5
4	7.846381953354974E-4
2	5.0E-6
1	5.0E-6
1	5.0E-6
2	0.00226842644112495
3	5.0E-6
5	5.0E-6
1	5.0E-6
1	4.528357107673112E-5
2	4.467066820019E-6
2	2.662134526242E-6
1	3.144249047074699E-6
1	5.0E-6
1	0.0017549881485179114
3	1.5789748222562E-6
5	5.0E-6
2	1.2686271599356703E-4
4	2.024615804757E-6
1	0.0022990243175417145
12	0.008505613047509235
5	1.545271214758107E-4
1	8.8646900235272E-6
1	1.4057815108199997E-6
2	5.0E-6
2	1.8279759400215864E-4
1	5.0E-6
1	5.0E-6
1	7.118432231387936E-4
1	1.1273526295662999E-4
5	0.0012294052645249417
2	5.0E-6
6	4.773175562154688E-4
1	3.9250239032720006E-4
2	2.3860900510780167E-4
1	5.0E-6
1	5.0E-6
2	5.0E-6
1	5.0E-6
1	5.0E-6
4	5.0E-6
2	1.2108174854522E-6
1	3.8950195474878605E-5
1	5.0E-6
1	0.008301247094952629
1	3.007335915434824E-4
1	5.0E-6
4	4.34272356922277E-4
1	5.0E-6
1	5.0E-6
1	1.727245661626212E-4
3	9.151375789015931E-4
1	0.0011988867811513861
2	1.6679609777599998E-6
1	1.4509090825041594E-4
2	5.0E-6
4	5.0E-6
3	9.223285404676102E-6
1	0.0020575666234129283
23	5.0E-6
1	2.328974707747415E-4
2	2.848860840041905E-4
10	5.0E-6
103	5.0E-6
2	6.28840009240693E-5
2	0.001587074026228684
1	6.7739330866063015E-6
2	4.285135637189699E-6
1	3.1868126684279997E-6
1	5.0E-6
1	9.48538500597423E-5
1	5.78041798896612E-4
2	6.616804658508E-5
1	7.40539355898893E-4
