3	5.0E-6
1	0.001447055572240085
1	3.32570521082972E-5
1	1.8347971455335996E-4
2	5.0E-6
1	1.1536168673070999E-4
1	5.0E-6
1	2.09535678556965E-4
1	8.37216975431262E-4
1	5.1048733195954406E-5
1	5.427027296404181E-5
2	5.0E-6
3	5.0E-6
2	0.0020773823079567365
2	5.0E-6
1	2.44705401412535E-4
1	5.0E-6
1	5.0E-6
1	5.0E-6
2	5.607999272429001E-6
1	5.0E-6
1	1.69390285655607E-4
22	5.0E-6
1	5.0E-6
4	5.0E-6
2	5.0E-6
1	0.005637725688200939
1	3.885265647981769E-4
1	1.4852626785459502E-5
2	5.0E-6
1	5.0E-6
3	5.0E-6
2	5.0E-6
3	5.0E-6
1	5.0E-6
5	5.0E-6
3	5.0E-6
2	5.0E-6
1	5.0E-6
7	3.4359885053412E-5
2	8.8509928833956E-5
3	5.0E-6
1	9.8793400102687E-4
1	5.0E-6
9	5.0E-6
1	9.85150666382E-7
18	5.0E-6
1	5.0E-6
1	5.0E-6
14	5.0E-6
2	5.0E-6
1	5.0E-6
5	5.0E-6
50	1.3368385993827996E-6
10	5.0E-6
1	5.0E-6
2	5.0E-6
1	3.693584327202831E-5
2	5.0E-6
1	3.885265647981769E-4
2	5.0E-6
5	3.0722376976998194E-4
2	4.5136356725104093E-4
1	5.0E-6
1	0.005730941189041047
2	0.001718793214531346
2	9.72581961105336E-5
1	4.635689166611001E-6
2	8.103626724362E-6
3	5.0E-6
114	5.0E-6
2	5.0E-6
7	5.0E-6
1	5.0E-6
1	5.0E-6
7	5.0E-6
1	5.0E-6
5	4.0296974043610504E-4
1	1.1680627773135E-5
2	1.4807930282681E-5
1	5.706022560494971E-4
1	0.003925487574783686
5	5.0E-6
2	2.9614787205951756E-4
1	5.0E-6
1	0.0054839853381665185
4	5.0E-6
2	1.2396667365902097E-4
1	5.0E-6
1	5.0E-6
1	5.37482383019267E-4
1	5.0E-6
1	3.7407992073404503E-4
1	5.0E-6
2	6.1411327450675E-5
2	5.0E-6
2	3.199195482382794E-4
1	5.0E-6
1	5.0E-6
1	5.0E-6
1	6.649122687613199E-5
1	9.681888977499003E-6
1	5.0E-6
1	2.5038535600977E-6
1	5.0E-6
1	2.29683874145119E-4
1	2.7127707398574997E-6
2	5.479404927219999E-6
1	5.0E-6
1	5.607999272429001E-6
1	5.0E-6
8	2.926864578913071E-4
2	0.011681507375956968
3	1.75652314818E-6
1	5.0E-6
2	5.0E-6
1	0.001648896464047853
2	5.0E-6
1	0.009981536059543135
1	5.0E-6
2	2.559533274522E-6
1	0.002183081909834994
1	5.0E-6
13	2.4577665486264E-5
1	5.0E-6
2	6.86613484176163E-4
1	7.966722125506E-7
2	5.0E-6
3	5.0E-6
2	0.001408226328902401
1	0.0015978678648956698
2	5.0E-6
1	5.0E-6
1	1.6418284308563404E-5
1	0.005128384430767086
1	2.0957220968842E-6
1	5.0E-6
1	5.0E-6
1	5.0E-6
1	3.1942118155779005E-5
2	5.0E-6
2	5.0E-6
1	2.84225137776022E-4
1	5.0E-6
5	5.0E-6
1	1.088278520497E-6
1	7.630026530158999E-7
3	1.24096771130368E-5
6	5.0E-6
1	5.0E-6
2	1.29505753806338E-4
1	6.993088310059001E-6
1	1.1074376341584E-4
1	6.2799343304982E-5
1	3.53991329301488E-4
12	5.0E-6
1	5.0E-6
1	5.0E-6
2	0.0010109237469837422
2	5.0E-6
2	5.0E-6
2	8.930345450255111E-4
2	5.0E-6
1	5.0E-6
2	5.0E-6
1	6.815852518878459E-4
1	5.0E-6
1	6.3959717259188995E-6
1	4.06046906901543E-4
2	5.0E-6
2	7.820186984803909E-4
2	6.717038925456499E-5
1	5.0E-6
1	0.001066169557630108
1	3.77163191826123E-4
6	5.0E-6
1	5.0E-6
1	8.576850889897199E-5
4	2.09535678556965E-4
2	5.0E-6
1	2.3730119353586462E-4
1	5.0E-6
1	2.77973210588979E-4
2	5.0E-6
2	2.3388409138755997E-5
1	3.089996846638E-6
1	5.0E-6
1	3.885265647981769E-4
2	1.1270433873258099E-4
1	2.4329572729949998E-4
3	5.0E-6
10	5.0E-6
2	5.0E-6
2	5.5502934949892E-6
3	1.4563371535167402E-4
1	2.915406207066E-5
1	7.8583750320938E-5
7	5.861632231714057E-4
2	5.0E-6
1	2.4546179770882227E-4
1	5.0E-6
1	5.0E-6
1	5.0E-6
1	1.2273908093319998E-6
1	5.0E-6
2	5.27581914434891E-4
2	1.4959971015440999E-5
1	4.930292730448449E-5
3	5.0E-6
2	1.8722806211007E-5
1	1.9811860506825218E-4
2	5.0E-6
1	5.0E-6
1	1.0084761503458E-6
1	1.8058689321469E-6
1	4.83628921428E-5
1	0.0023964015813471096
1	5.0E-6
1	5.0E-6
1	5.0E-6
2	1.033987402314E-6
1	1.3285548842087999E-5
1	8.235000378197E-7
1	5.0E-6
1	5.0E-6
6	3.883771620290461E-4
1	0.006136395994148455
2	5.0E-6
1	5.0E-6
4	9.78220259153833E-4
1	7.02581550795773E-5
2	1.13588731442897E-4
2	5.0E-6
2	7.862039922417001E-7
4	5.0E-6
4	0.0032840141022246866
1	2.0358565963861E-5
2	1.1454574289208602E-6
1	5.0E-6
3	1.6433256390376998E-5
3	6.4399574296434E-4
1	5.774825363096441E-4
2	3.3734144210728E-6
2	9.69172989629928E-4
1	9.5618964274147E-5
2	5.0E-6
1	7.02581550795773E-5
1	5.0E-6
2	5.0E-6
1	1.3486495185264298E-5
1	8.834764169258E-6
1	8.0770553070751E-7
2	5.7245599305744E-5
2	5.0E-6
3	5.0E-6
1	5.0E-6
2	5.58328460531E-5
2	5.0E-6
2	9.750399327194E-7
1	0.0032840141022246866
1	5.0E-6
1	5.0E-6
5	5.0E-6
2	5.1788562344021405E-5
1	4.854207376485899E-5
1	5.8941866369637995E-5
3	5.0E-6
1	0.006899129302309472
1	5.0E-6
2	8.0104148905278E-5
6	5.0E-6
1	5.0E-6
1	3.0722376976998194E-4
1	3.613883584860189E-4
1	1.2731283724364E-6
1	5.0E-6
1	5.0E-6
5	5.0E-6
1	1.7019368900089999E-6
1	4.3471389131866605E-4
3	5.0E-6
2	5.0E-6
2	3.1786009674037563E-4
1	5.0E-6
2	0.0010954356096814063
1	0.0033977179746162538
1	3.426753996500583E-4
1	6.4399574296434E-4
1	5.0E-6
5	0.00116370132302454
1	5.096025766815E-6
1	5.0E-6
2	1.5413953066404E-6
2	5.0E-6
1	5.0E-6
2	5.0E-6
2	1.3337789623885297E-4
2	5.0E-6
1	5.0E-6
1	2.14263257955318E-4
1	5.0E-6
11	7.01319296924452E-4
1	5.246900255098769E-4
14	7.712031620435001E-6
2	5.0E-6
2	6.958883424233E-6
1	3.98467793823245E-4
5	1.4606000157778003E-4
1	0.0016241575039912012
8	0.0032840141022246866
1	8.744768459381001E-6
2	3.611130596751159E-4
3	5.428432041095634E-4
1	5.0E-6
1	0.0020773823079567365
2	2.3915354882748693E-5
1	0.0020773823079567365
1	5.0E-6
1	5.0E-6
1	5.0E-6
2	5.0E-6
9	3.05766385930507E-4
1	5.0E-6
1	5.0E-6
1	5.0E-6
1	2.6809543437964E-5
1	5.0E-6
1	5.0E-6
1	2.9904159207736006E-6
1	8.80543646131146E-4
2	1.046730188044E-6
1	5.0E-6
2	6.5251742333294E-5
2	5.0E-6
1	1.0274697418548499E-4
1	0.0012399471690859927
1	2.0454671945354997E-5
2	5.0E-6
1	1.3721012138293002E-5
1	3.04318429181476E-4
2	5.0E-6
1	4.829075486276799E-6
1	5.0E-6
2	1.3754905329428597E-4
1	2.9484695040319E-5
1	5.0E-6
2	5.0E-6
1	2.1453500797131005E-5
2	2.2919046571342004E-6
1	1.45971854918137E-4
1	5.0E-6
2	5.0E-6
1	4.41747271044425E-5
1	5.0E-6
1	7.862039922417001E-7
1	9.573808460412002E-6
1	4.41747271044425E-5
1	5.0E-6
1	0.0015014516448683536
1	5.0E-6
1	0.001241336282252329
1	7.16934392792098E-4
1	5.0E-6
1	3.975656845894061E-4
1	3.291316750183054E-4
1	5.0E-6
2	1.956487095163776E-4
1	5.0E-6
1	7.55173567332539E-5
1	9.294081731215E-6
2	5.0E-6
2	2.008572927024E-6
2	0.003444762626016144
1	2.9452853336754396E-5
2	5.0E-6
1	7.796135774833972E-4
1	5.0E-6
1	2.1400873720311E-5
1	5.129520413025621E-4
2	5.0E-6
1	1.0673284771105182E-4
4	5.0E-6
1	5.0E-6
1	2.8374235246142937E-4
4	0.0027047837067031674
1	6.775667436567252E-4
3	3.6013835434642E-4
1	0.01514098126739277
4	0.006682058475234977
1	5.0E-6
3	0.0033977179746162538
1	6.363909433586103E-5
1	0.0023927153419779504
1	8.151034990018439E-4
6	5.0E-6
1	1.5396184451812702E-4
1	6.61633010546071E-5
1	0.0033977179746162538
2	1.4449770201589601E-5
1	5.0E-6
1	3.0565377704737E-6
2	5.0E-6
1	5.0E-6
2	3.9666386534682795E-4
1	5.0E-6
1	5.6490330227542796E-5
1	6.64526707181684E-5
1	8.963631676675102E-7
1	4.80154781794923E-5
1	1.698252393743386E-4
1	3.857608992322801E-5
2	1.1583230140609E-5
1	5.0E-6
3	9.704456082100001E-6
1	8.05886054970902E-5
3	6.729315915466801E-5
2	9.72581961105336E-5
2	6.50102402870892E-4
2	2.7618992027299997E-6
1	5.0E-6
5	5.0E-6
10	5.0E-6
8	2.2927977506600004E-6
2	5.0E-6
1	5.0E-6
2	5.0E-6
1	5.0E-6
1	5.0E-6
5	2.7154124482401998E-5
2	5.0E-6
1	5.0E-6
2	5.0E-6
5	5.0E-6
1	3.56074903424748E-4
1	7.712031620435001E-6
1	6.535105159231899E-5
1	5.0E-6
5	5.0E-6
3	7.166546949485002E-6
1	1.3613069962633E-5
3	7.229620491351998E-6
1	5.0E-6
1	3.885265647981769E-4
1	3.885265647981769E-4
1	3.0616932243450397E-4
3	5.0E-6
1	5.0E-6
5	5.0E-6
1	5.0E-6
1	2.1141485203264995E-6
1	5.0E-6
1	1.1455645254321622E-4
1	9.514749984727599E-5
5	5.0E-6
1	1.0629957760904002E-6
2	7.832559766806842E-4
5	1.08071667848308E-4
3	0.0023289343791711814
2	1.29512324795653E-4
11	5.0E-6
1	7.3978740396242E-5
1	2.6666982169697E-6
1	7.519618936157229E-4
1	5.0E-6
1	2.4702982043749E-5
1	3.5904063643498504E-4
1	5.0E-6
1	3.5904063643498504E-4
3	5.0E-6
1	5.0E-6
1	5.0E-6
1	5.0E-6
2	0.005396329986190745
3	5.0E-6
1	1.0169801874106E-5
2	1.8442450282952E-5
1	5.0E-6
1	3.1051887690698005E-5
1	5.0E-6
1	3.7414404361149996E-4
3	8.60945748757E-7
1	5.0E-6
2	1.7605435801111796E-4
4	3.17429340354972E-4
2	5.0E-6
1	5.0E-6
2	5.0E-6
1	0.0033977179746162538
1	5.0E-6
1	5.0E-6
1	5.0E-6
1	5.743240138303975E-4
1	5.0E-6
1	2.80401013042492E-5
1	5.0E-6
1	6.816428621107397E-5
1	1.0152852578040899E-4
2	3.9572902225625797E-4
1	1.6021824475866005E-5
1	5.0E-6
2	1.5928611958983006E-4
2	0.0011829951288147666
1	5.0E-6
1	5.0E-6
1	5.0E-6
1	3.802236414082671E-5
1	6.694479973226368E-5
1	5.0E-6
1	5.0E-6
2	5.9332170269083E-5
2	1.32074498641612E-5
1	8.60945748757E-7
2	0.0010634308454692469
3	0.0015744836846620799
1	5.0E-6
1	5.0E-6
2	0.0011975174109494547
1	8.985782764406E-7
2	5.0E-6
2	1.82044941633416E-4
2	2.89221220999354E-4
1	1.9035296275239999E-6
1	1.56525904271964E-5
1	0.0014873177146477185
1	2.8091438339922605E-4
1	5.0E-6
2	1.69590833861238E-4
1	5.0E-6
3	7.12608850083558E-4
2	2.8889609414198393E-5
4	5.895705751594E-6
2	5.0E-6
3	3.885265647981769E-4
2	2.3595924365119E-5
2	5.0E-6
1	6.941067089177001E-5
1	1.536721673114659E-4
3	5.0E-6
1	5.18832520571577E-4
1	5.0E-6
1	5.0E-6
1	1.0991067441946E-5
3	5.0E-6
1	5.0E-6
7	5.0E-6
1	5.0E-6
1	1.9709940932283994E-6
5	5.0E-6
1	0.0012716428446613328
4	5.0E-6
5	5.0E-6
4	0.005058260118809115
2	1.1598653560473E-4
1	0.0032840141022246866
1	2.6124588006536005E-5
2	0.0021372851229613213
2	5.0E-6
1	5.0E-6
10	5.0E-6
2	5.0E-6
1	7.91012180093315E-5
1	9.5164662965338E-5
4	5.0E-6
1	3.0722376976998194E-4
2	4.06533763817988E-4
2	2.14456898706164E-5
1	5.0E-6
2	1.9549372961591997E-6
1	0.004568561878609125
1	1.6061464458889998E-6
1	3.02119553135456E-4
1	5.0E-6
2	1.1700285589557601E-4
2	5.0E-6
2	5.0E-6
1	5.0E-6
1	5.0E-6
2	1.8496627315454597E-4
1	5.0E-6
1	2.2903836232326E-6
2	6.747308921815201E-5
2	1.071327910451754E-4
5	5.0E-6
1	5.0E-6
2	2.6232842165945995E-5
2	5.0E-6
1	1.79467623972808E-5
3	5.0E-6
1	5.0E-6
5	3.2665606945214004E-4
1	1.0601763752448001E-4
2	3.735341419919701E-5
1	6.9041955146275E-5
1	3.71960287380395E-4
1	0.001069203716992046
1	1.3683244612133958E-4
1	0.0013465536410992008
3	5.0E-6
1	5.0E-6
1	2.3456114965546493E-4
1	5.0E-6
2	1.6338142921180998E-6
1	8.83803258391E-7
2	5.0E-6
1	5.0E-6
1	5.0E-6
1	5.0E-6
2	5.0E-6
1	5.0E-6
3	5.4794070820629E-6
1	1.7223342595579767E-4
1	6.77119033826941E-4
1	5.0E-6
1	5.0E-6
1	6.702643568519601E-6
1	1.13254522648818E-5
4	2.7105165318939997E-6
1	5.0E-6
1	5.0E-6
1	1.2359448885812E-6
1	5.0E-6
1	5.0E-6
3	5.0E-6
1	3.733098443249089E-4
1	5.0E-6
1	4.0081737014039596E-4
1	0.0032840141022246866
1	1.7697163955418002E-6
3	8.775857075479679E-4
1	3.885265647981769E-4
1	5.0E-6
1	3.885265647981769E-4
1	1.355165377936E-6
1	5.0E-6
1	3.1594379749349E-6
1	1.1103571835470001E-6
2	8.382504649489999E-7
15	5.0E-6
1	7.84271760344E-7
3	7.4453483916516E-5
1	5.0E-6
1	5.0E-6
1	1.4317434517680802E-4
1	0.0032840141022246866
1	5.0E-6
2	5.0E-6
1	5.0E-6
2	1.322548861212136E-4
1	5.0E-6
1	5.0E-6
13	5.0E-6
1	6.19116604830215E-4
1	1.1826244975224E-6
1	1.7305152240819E-6
2	4.0687427623285996E-5
1	5.0E-6
1	5.0E-6
2	1.52647473343418E-4
1	2.876524846184999E-5
1	0.0011191461330512088
1	8.102191717397519E-5
25	5.0E-6
5	8.162770271856669E-4
4	7.91012180093315E-5
1	5.0E-6
1	5.0E-6
2	5.0E-6
1	5.44621094788705E-4
1	5.0E-6
1	1.6491112979434001E-6
2	7.55821639143682E-5
1	5.0E-6
7	0.0036517585215572143
1	4.83628921428E-5
1	1.3584808492578758E-4
1	2.8751814298471605E-5
3	0.002136504253038986
1	1.1652066632120998E-6
2	8.969867049356598E-5
1	0.001080961023888482
3	4.6183962295329E-6
6	5.0E-6
1	4.8803895132955294E-4
1	2.26050972866169E-4
2	2.94764109290367E-4
2	1.4821089315491956E-4
2	5.0E-6
1	0.0032840141022246866
1	3.45390770515626E-5
1	0.0010717869128154956
1	5.0E-6
14	5.0E-6
1	7.492002917717801E-6
1	5.0E-6
1	1.023392565081206E-4
1	3.6832648005348994E-5
14	5.0E-6
1	5.0E-6
1	5.0E-6
4	5.160696349868E-6
1	3.476161322844281E-5
1	9.271521155636682E-4
1	5.0E-6
1	1.329605008532E-6
2	5.0E-6
2	5.0E-6
1	4.199392017738E-6
1	5.0E-6
2	5.0E-6
1	1.9549372961591997E-6
2	5.0E-6
1	3.735341419919701E-5
1	5.0E-6
1	1.0696897704653097E-4
67	5.0E-6
2	1.0848710307329498E-4
1	8.064669615035002E-6
1	1.2382330758448002E-5
8	5.0E-6
1	5.0E-6
1	5.0E-6
1	5.0E-6
1	0.001383467359727103
13	5.0E-6
1	5.0E-6
2	5.0E-6
1	5.0E-6
1	9.397237565374E-6
1	0.003192202809073816
4	5.0E-6
1	6.8228605826905E-5
1	6.248432388088622E-4
2	5.0E-6
1	1.8496627315454597E-4
92	1.9425566398604107E-4
15	5.0E-6
3	4.6056912795348E-5
1	5.0E-6
1	5.0E-6
1	3.1051887690698005E-5
1	3.885265647981769E-4
1	5.0E-6
1	4.0296974043610504E-4
2	7.348551418576401E-5
1	5.0E-6
1	5.0E-6
3	5.0E-6
2	9.436175540041E-7
2	5.0E-6
1	5.973486503822499E-5
3	5.0E-6
1	9.6853742185586E-5
1	7.368860895864E-6
2	5.0E-6
1	1.2470541294324E-6
2	5.0E-6
2	5.0E-6
1	5.0E-6
2	5.0E-6
1	5.0E-6
5	8.31910376734454E-4
1	5.0E-6
1	3.9793883764251596E-5
1	5.0E-6
1	7.6892570383552E-5
1	0.0011091444001037252
1	2.41154024258455E-4
1	0.002247308829347836
2	5.0E-6
1	8.113706202320377E-5
2	0.0034979569353539033
1	3.0885045592653E-5
1	5.0E-6
1	5.0E-6
1	5.0E-6
2	5.0E-6
2	5.0E-6
6	5.0E-6
1	5.0E-6
1	1.2694908612385998E-4
8	2.9570341353938E-6
1	5.0E-6
2	5.0E-6
1	4.0268345506081E-5
1	0.005730941189041047
1	5.0E-6
8	5.62329713458432E-4
7	5.0E-6
1	5.0E-6
3	8.784773653332609E-4
1	8.2228047187951E-7
5	5.0E-6
2	5.0E-6
1	5.0E-6
1	5.0E-6
1	5.0E-6
2	9.014865713751E-6
2	1.9458663331054E-5
1	6.9341015144368E-5
3	2.4084390836669794E-4
2	5.0E-6
4	5.0E-6
3	0.001238221834135656
6	5.0E-6
2	5.0E-6
52	1.0434708655884E-6
1	3.5498607601450297E-4
1	1.82581775496245E-4
2	5.0E-6
15	5.0E-6
1	0.003640809906140439
1	5.0E-6
1	8.775857075479679E-4
1	8.14385210178165E-5
1	3.57363531284483E-4
2	3.6446927545405905E-4
1	5.0E-6
1	5.0E-6
1	5.0E-6
4	5.0E-6
2	4.192119530453999E-6
2	5.0E-6
1	5.0E-6
20	5.0E-6
34	5.0E-6
1	5.0E-6
10	5.0E-6
1	4.03050583554179E-4
1	5.0E-6
1	5.0E-6
1	3.4625979926361E-6
2	0.002049005795406455
1	2.09535678556965E-4
18	5.0E-6
1	5.0E-6
2	5.0E-6
2	7.08026929381762E-5
1	5.0E-6
1	5.62329713458432E-4
1	5.0E-6
1	2.0358565963861E-5
1	5.0E-6
2	1.36632133516288E-4
1	5.0E-6
1	5.0E-6
1	5.0E-6
3	3.7770541020371995E-6
2	5.0E-6
1	3.2131645228332303E-4
3	1.0693678165973703E-5
1	9.607418204056E-7
1	5.0E-6
12	8.48050505402847E-4
1	2.8927334937633997E-5
1	0.0014955617791030792
1	2.37488867761198E-4
1	5.0E-6
2	4.449416378518E-5
2	6.9758682082825E-5
1	4.41747271044425E-5
1	5.0E-6
1	5.0E-6
1	7.796135774833972E-4
1	5.0E-6
1	1.1844015310797998E-5
1	5.0E-6
1	1.26246361496085E-4
1	5.0E-6
1	5.0E-6
1	5.0E-6
2	9.312880750618001E-6
1	1.13588731442897E-4
2	7.102660771176729E-4
1	5.0E-6
1	1.6747504709238E-6
1	5.0E-6
1	0.001524967196623639
2	5.0E-6
1	0.003036277950905769
1	5.0E-6
1	5.0E-6
1	5.0E-6
1	1.6784767321005998E-6
1	5.61005896107312E-4
1	5.0E-6
1	5.0E-6
9	4.14566698031139E-4
1	5.0E-6
2	5.0E-6
1	7.712031620435001E-6
2	4.5596467676567497E-4
1	2.9484695040319E-5
1	5.0E-6
1	5.0E-6
1	5.0E-6
1	5.0E-6
1	1.2694908612385998E-4
3	5.0E-6
1	3.7414404361149996E-4
1	0.001167142804304461
1	4.7748425815688995E-5
5	5.0E-6
2	4.3866278497752106E-4
2	1.6141693743677204E-4
2	0.01647822400331681
1	0.00210981167210478
1	0.0023975749132320863
1	3.65206392720655E-4
2	0.016035149499138916
1	0.0032840141022246866
2	1.75652314818E-6
1	6.161124808237431E-4
1	0.0071760405871449705
1	4.822977800120199E-5
38	5.0E-6
1	1.1844015310797998E-5
1	0.0016937217946600832
3	4.37237445171794E-4
3	5.0E-6
1	5.657391494551541E-4
1	5.0E-6
2	9.319337133015902E-5
1	5.0E-6
1	4.1057671582310005E-6
1	5.0E-6
1	5.94466567007703E-4
9	0.0015510759532250643
2	2.4132576469329997E-6
1	5.0E-6
1	0.0029311241118979126
1	0.002222451332941703
4	5.0E-6
1	7.198026384406999E-6
3	4.41747271044425E-5
2	5.0E-6
2	5.0E-6
4	5.0E-6
1	5.0E-6
1	5.0E-6
25	5.0E-6
4	5.0E-6
1	4.92119559578032E-4
5	5.0E-6
2	5.0E-6
1	8.997169954632398E-5
1	2.3295658461934519E-4
3	2.00824598401348E-4
1	0.0018822774897523109
1	1.0811075087377003E-6
1	5.0E-6
1	0.0021351533752200923
1	5.0E-6
2	9.383277578441001E-6
1	3.95799697159523E-5
1	3.5176641101996973E-4
3	5.0E-6
2	3.1008600336791E-5
2	5.0E-6
2	1.58823548195335E-5
1	5.0E-6
5	7.926753802769693E-4
1	5.0E-6
1	5.0E-6
1	5.0E-6
3	0.00102191854679834
1	5.0E-6
1	1.5862591660356997E-5
2	1.04920002358506E-4
1	2.3306029556249097E-5
1	3.0464767384706605E-4
5	1.0440530209498472E-4
1	6.688967542237E-7
1	5.0E-6
1	5.0E-6
2	5.0E-6
1	4.1265041350505E-4
1	5.0E-6
1	5.0E-6
2	5.0E-6
1	3.288890670483758E-5
3	8.059311668989E-6
1	5.0E-6
1	5.0E-6
2	5.0E-6
1	5.0E-6
1	5.0E-6
2	1.3972712908752295E-4
2	5.220622245391501E-5
40	5.0E-6
1	0.001405012029167227
1	5.0E-6
1	5.0E-6
1	7.861670982142002E-7
1	2.771735335923E-6
1	5.0E-6
1	0.0038644491680647455
14	5.0E-6
1	7.944021772737526E-4
2	0.005730941189041047
2	5.0E-6
3	1.4499019193149997E-5
1	7.184719174986999E-5
2	5.0E-6
1	5.0E-6
1	1.3424820448719303E-4
2	6.993254372865668E-4
1	5.0E-6
2	5.0E-6
1	5.0E-6
1	5.0E-6
1	0.005730941189041047
5	5.0E-6
1	5.0E-6
3	5.0E-6
1	5.0E-6
1	1.66033559900587E-4
1	0.001030949572170448
1	5.0E-6
1	5.0E-6
1	5.0E-6
1	6.48742436902724E-4
1	5.0E-6
1	8.9663226307147E-6
2	4.83628921428E-5
2	3.4625979926361E-6
1	5.0E-6
1	5.0E-6
1	5.0E-6
1	0.0032840141022246866
1	1.241368189530562E-4
3	5.0E-6
8	5.355138507614299E-4
1	1.31319848239045E-4
1	0.0032840141022246866
2	2.56175133824474E-4
1	5.0E-6
1	5.4151671413256E-5
1	5.0E-6
2	3.341000553183052E-4
1	0.002416398522188678
3	8.22627330781081E-5
3	5.0E-6
3	1.2386808367284E-5
1	9.32833150413213E-4
7	2.7877432077648E-5
1	5.0E-6
1	9.32833150413213E-4
1	1.3216959194573596E-4
1	6.845352929759199E-6
4	1.3216959194573596E-4
1	0.001063007519036256
1	5.0E-6
1	5.0E-6
1	5.0E-6
2	7.14713232172E-5
1	5.0E-6
1	3.5706959632541006E-5
4	8.859761300136821E-4
2	5.0E-6
1	5.0E-6
1	5.0E-6
2	0.0032840141022246866
3	5.0E-6
5	5.0E-6
1	5.0E-6
1	4.94519221332288E-5
2	4.5622518890220015E-6
2	2.4037196800265E-6
1	3.0565377704737E-6
1	5.0E-6
1	0.0018822774897523109
3	1.058607775457E-6
5	5.0E-6
2	1.5274107325193096E-4
4	1.6038230082182002E-6
1	0.002667381925461492
12	0.006682058475234977
5	1.52637398556089E-4
1	9.4395476488674E-6
1	9.910265689085002E-7
2	5.0E-6
2	2.32340391429915E-4
1	5.0E-6
1	5.0E-6
1	8.922029463196411E-4
1	1.16203657336224E-4
5	0.0011784546903358302
2	5.0E-6
6	7.008273753976317E-4
1	2.65087256639618E-4
2	2.2647889644258692E-4
1	5.0E-6
1	5.0E-6
2	5.0E-6
1	5.0E-6
1	5.0E-6
4	5.0E-6
2	8.538213158477001E-7
1	5.12299124078467E-5
1	5.0E-6
1	0.005450448712764592
1	3.425650116411385E-4
1	5.0E-6
4	9.67702076644718E-4
1	5.0E-6
1	5.0E-6
1	2.4547346794800994E-4
3	8.379670058648662E-4
1	0.001422475000885068
2	1.363863085487E-6
1	1.4129759764741165E-4
2	5.0E-6
4	5.0E-6
3	8.6856886558703E-6
1	0.0023066692198356526
23	5.0E-6
1	3.3565661265517495E-4
2	2.7391370027941196E-4
10	5.0E-6
103	5.0E-6
2	6.37249825557354E-5
2	0.0019921184323172217
1	9.6057169887754E-6
2	3.2452165224380997E-6
1	2.4338838558575998E-6
1	5.0E-6
1	1.1027548471775198E-4
1	5.617099060661559E-4
2	1.0196714469745799E-4
1	7.172758865989728E-4
